spawns: 
  default: 
    world: world
    x: 9195.59896686435
    y: 90.0
    z: 9551.504898855215
    yaw: 93.75228
    pitch: 21.801577
  membre: 
    world: world
    x: 9194.46494314591
    y: 63.0
    z: 9548.28592464907
    yaw: -177.40858
    pitch: 5.0772033
