timestamps:
  login: 1378046032733
  logout: 1378046083026
ipAddress: 88.139.251.143
lastlocation:
  world: world
  x: 9486.623741616793
  y: 63.0
  z: 9854.432092315787
  yaw: 28.086676
  pitch: 7.633161
logoutlocation:
  world: world
  x: 9482.363988755855
  y: 63.0
  z: 9915.136752027505
  yaw: 71.28652
  pitch: 8.683153
