timestamps:
  login: 1376520085754
  logout: 1376520289774
ipAddress: 2.90.74.120
lastlocation:
  world: world
  x: 9450.395802515557
  y: 48.0
  z: 9754.306970658079
  yaw: 226.82605
  pitch: 4.6638703
logoutlocation:
  world: world
  x: 9485.5
  y: 63.0
  z: 9918.5
  yaw: 91.0865
  pitch: -0.31684673
