timestamps:
  login: 1377898492582
  logout: 1377899216854
ipAddress: 177.157.30.36
lastlocation:
  world: world
  x: 9408.034905702152
  y: 60.0
  z: 9776.57201991376
  yaw: 300.81036
  pitch: 10.142401
logoutlocation:
  world: world
  x: 9485.5
  y: 63.0
  z: 9918.5
  yaw: 91.0865
  pitch: -0.31684673
