timestamps:
  login: 1378039277463
  logout: 1378039710866
ipAddress: 178.193.220.180
lastlocation:
  world: world
  x: 9449.842966388838
  y: 60.0
  z: 9780.45090970397
  yaw: 285.75583
  pitch: 3.4615376
logoutlocation:
  world: world
  x: 9488.583874305756
  y: 63.0
  z: 9913.675481779954
  yaw: 78.58649
  pitch: 7.9390926
