timestamps:
  login: 1377075836734
  logout: 1377075867643
ipAddress: 78.241.231.140
lastlocation:
  world: world
  x: 9485.5
  y: 63.0
  z: 9918.5
  yaw: -82.613495
  pitch: 25.933153
logoutlocation:
  world: world
  x: 9484.683566596397
  y: 63.0
  z: 9888.347899765853
  yaw: 211.6866
  pitch: 28.183167
