lastlocation:
  world: world
  x: 9193.5
  y: 90.0
  z: 9550.5
  yaw: -353.66324
  pitch: 90.0
timestamps:
  login: 1376333308526
  logout: 1376333344382
ipAddress: 87.109.94.168
logoutlocation:
  world: world
  x: 9216.199999988079
  y: 88.67353063921202
  z: 9550.090847010395
  yaw: -81.93766
  pitch: -1.5671041
