lastlocation:
  world: world
  x: 9193.5
  y: 90.0
  z: 9550.5
  yaw: -353.66324
  pitch: 90.0
timestamps:
  login: 1376343984463
  logout: 1376344159117
ipAddress: 5.245.12.208
logoutlocation:
  world: world
  x: 9193.658830365386
  y: 89.0
  z: 9577.367803509509
  yaw: -355.0579
  pitch: 3.1334367
