lastlocation:
  world: world
  x: 9193.5
  y: 90.0
  z: 9550.5
  yaw: 356.77
  pitch: 25.55925
timestamps:
  login: 1376167954396
  logout: 1376168002303
ipAddress: 179.99.111.45
logoutlocation:
  world: world
  x: 9718.669695029108
  y: -5282.606479809959
  z: 10572.277605617523
  yaw: 76.31941
  pitch: -26.366184
