timestamps:
  login: 1377778596655
  logout: 1377778631881
ipAddress: 86.69.0.130
lastlocation:
  world: world
  x: 9471.456260514633
  y: 54.0
  z: 9750.950324843092
  yaw: -315.9259
  pitch: -23.615507
logoutlocation:
  world: world
  x: 9485.5
  y: 63.0
  z: 9918.5
  yaw: 91.0865
  pitch: -0.31684673
