timestamps:
  login: 1377967148399
  logout: 1377967198357
ipAddress: 88.173.252.5
lastlocation:
  world: world
  x: 9450.259566400131
  y: 60.0
  z: 9738.647726649137
  yaw: -177.68478
  pitch: 10.156806
logoutlocation:
  world: world
  x: 9485.5
  y: 63.0
  z: 9918.5
  yaw: 91.0865
  pitch: -0.31684673
