timestamps:
  login: 1377103690163
  logout: 1377103884351
ipAddress: 86.193.180.68
lastlocation:
  world: world
  x: 9463.624883178183
  y: 54.0
  z: 9746.711345788648
  yaw: -80.90271
  pitch: 9.29999
logoutlocation:
  world: world
  x: 9485.5
  y: 63.0
  z: 9918.5
  yaw: 91.0865
  pitch: -0.31684673
