timestamps:
  login: 1377633273548
  logout: 1377634194946
ipAddress: 92.152.54.26
lastlocation:
  world: world
  x: 9443.74053538861
  y: 54.0
  z: 9759.310919976244
  yaw: -99.010864
  pitch: 11.182738
logoutlocation:
  world: world
  x: 9486.20968461776
  y: 63.0
  z: 9896.171138767493
  yaw: 25.04536
  pitch: 7.1454344
