timestamps:
  login: 1377596705283
  logout: 1377596840746
ipAddress: 82.230.236.27
lastlocation:
  world: world
  x: 9485.5
  y: 63.0
  z: 9918.5
  yaw: 91.0865
  pitch: -0.31684673
logoutlocation:
  world: world
  x: 9483.57387609168
  y: 63.0
  z: 9913.586504608076
  yaw: 234.71664
  pitch: -16.880499
