timestamps:
  login: 1377887496857
  logout: 1377888233568
ipAddress: 77.200.36.204
lastlocation:
  world: world
  x: 9452.457849353375
  y: 72.49550403717359
  z: 9771.972822645075
  yaw: -21.996735
  pitch: 38.63425
logoutlocation:
  world: world
  x: 9485.5
  y: 63.0
  z: 9918.5
  yaw: 91.0865
  pitch: -0.31684673
