lastlocation:
  world: world
  x: 9959.561623498495
  y: -161.89288668993174
  z: 10184.778124326593
  yaw: -28.050001
  pitch: 59.850002
timestamps:
  login: 1376160988048
  lastteleport: 1376160861672
  logout: 1376161024043
ipAddress: 201.89.8.243
logoutlocation:
  world: world
  x: 9217.022879535383
  y: 89.0
  z: 9550.451132069622
  yaw: 271.64886
  pitch: 0.59998834
