timestamps:
  login: 1377110625705
  logout: 1377110668797
ipAddress: 82.127.205.233
lastlocation:
  world: world
  x: 9485.5
  y: 63.0
  z: 9918.5
  yaw: 91.0865
  pitch: -0.31684673
logoutlocation:
  world: world
  x: 9495.465628248541
  y: 63.0
  z: 9909.964941114566
  yaw: 152.01837
  pitch: 8.170609
