timestamps:
  login: 1376485108494
  logout: 1376485272663
ipAddress: 37.107.241.235
lastlocation:
  world: world
  x: 9465.436582637161
  y: -390.84712986051693
  z: 9808.287121237952
  yaw: -11.638672
  pitch: 66.408325
logoutlocation:
  world: world
  x: 9485.5
  y: 63.0
  z: 9918.5
  yaw: 91.0865
  pitch: -0.31684673
