lastlocation:
  world: world
  x: 9817.523705405794
  y: -1.799999952316286
  z: 10318.903247487966
  yaw: -82.95004
  pitch: -26.100018
timestamps:
  login: 1376318258941
  lastteleport: 1376318131505
  logout: 1376318272708
ipAddress: 80.201.122.42
logoutlocation:
  world: world
  x: 9194.409610162527
  y: 88.0
  z: 9528.575580661036
  yaw: 7.6870356
  pitch: 14.400026
