timestamps:
  login: 1377813153418
  logout: 1377814659084
ipAddress: 109.215.156.15
lastlocation:
  world: world
  x: 9486.481560769826
  y: 55.5
  z: 9766.386087811481
  yaw: 0.3128662
  pitch: 46.199825
logoutlocation:
  world: world
  x: 9491.293806994348
  y: 63.0
  z: 9917.204794269965
  yaw: 124.70567
  pitch: 3.8984013
