timestamps:
  login: 1377631112994
  logout: 1377631127727
ipAddress: 70.83.28.80
lastlocation:
  world: world
  x: 9485.505906191382
  y: 63.0
  z: 9912.230993267603
  yaw: 90.12979
  pitch: 9.249774
logoutlocation:
  world: world
  x: 9485.5
  y: 63.0
  z: 9918.5
  yaw: 91.0865
  pitch: -0.31684673
