lastlocation:
  world: world
  x: 9193.5
  y: 90.0
  z: 9550.5
  yaw: 356.69873
  pitch: 25.48799
timestamps:
  login: 1376392219327
  logout: 1376392223662
ipAddress: 92.131.144.190
logoutlocation:
  world: world
  x: 9546.051766307703
  y: -963.2643090279703
  z: 9308.524760096567
  yaw: 77.70002
  pitch: 66.899994
