timestamps:
  login: 1377539651905
  logout: 1377539670877
ipAddress: 81.64.40.62
lastlocation:
  world: world
  x: 9483.36318737478
  y: 63.0
  z: 9912.98011947742
  yaw: 103.8365
  pitch: 24.583162
logoutlocation:
  world: world
  x: 9485.5
  y: 63.0
  z: 9918.5
  yaw: 91.0865
  pitch: -0.31684673
