timestamps:
  login: 1377813796462
  logout: 1377814361230
ipAddress: 90.9.242.56
lastlocation:
  world: world
  x: 9485.5
  y: 63.0
  z: 9918.5
  yaw: 148.98651
  pitch: -2.4168468
logoutlocation:
  world: world
  x: 9491.778908737106
  y: 63.0
  z: 9906.808304725673
  yaw: -7.6564636
  pitch: -5.6870966
