lastlocation:
  world: world
  x: 10113.549396401791
  y: -1.7434223289223898
  z: 9380.342138551898
  yaw: -228.42099
  pitch: -65.63323
timestamps:
  login: 1376298204829
  lastteleport: 1376298297353
  logout: 1376298305805
ipAddress: 78.120.13.184
logoutlocation:
  world: world
  x: 9194.699999988079
  y: 88.4982155759616
  z: 9540.705827169764
  yaw: -209.44313
  pitch: 16.59437
