lastlocation:
  world: world
  x: 9193.5
  y: 90.0
  z: 9550.5
  yaw: -353.66324
  pitch: 90.0
timestamps:
  login: 1376335234131
  logout: 1376335254946
ipAddress: 189.29.163.73
logoutlocation:
  world: world
  x: 9193.684548528865
  y: 89.0
  z: 9578.545102824295
  yaw: 4.200001
  pitch: 3.4500003
