timestamps:
  login: 1377607771383
  logout: 1377607833234
ipAddress: 109.16.2.56
lastlocation:
  world: world
  x: 9479.586820938317
  y: -834.5213193222618
  z: 9741.048993339655
  yaw: 222.69688
  pitch: -90.0
logoutlocation:
  world: world
  x: 9485.5
  y: 63.0
  z: 9918.5
  yaw: 91.0865
  pitch: -0.31684673
