timestamps:
  login: 1378061109777
  logout: 1378061467868
ipAddress: 92.130.62.80
lastlocation:
  world: world
  x: 9489.77017425293
  y: 59.0
  z: 9772.825962983561
  yaw: -172.53442
  pitch: 19.84559
logoutlocation:
  world: world
  x: 9485.5
  y: 63.0
  z: 9918.5
  yaw: 91.0865
  pitch: -0.31684673
