timestamps:
  login: 1377700536889
  logout: 1377700904020
ipAddress: 2.4.113.112
lastlocation:
  world: world
  x: 9454.03121892501
  y: 49.0
  z: 9772.705160425301
  yaw: -11.10083
  pitch: 2.9568462
logoutlocation:
  world: world
  x: 9485.705633271727
  y: 63.0
  z: 9913.765797262207
  yaw: 273.4992
  pitch: 0.8880639
