lastlocation:
  world: world
  x: 8404.500050736358
  y: -2343.862920090255
  z: 10315.101982920514
  yaw: -98.699936
  pitch: 48.299976
timestamps:
  login: 1376397438593
  lastteleport: 1376298331656
  logout: 1376397441006
ipAddress: 86.68.164.193
logoutlocation:
  world: world
  x: 9193.75011388207
  y: 89.0
  z: 9575.892058904734
  yaw: -2.0628633
  pitch: 1.4999659
