timestamps:
  login: 1377606294166
  logout: 1377606317315
ipAddress: 95.172.183.117
lastlocation:
  world: world
  x: 9487.000807558596
  y: 63.0
  z: 9915.593463144107
  yaw: -39.563576
  pitch: 9.149968
logoutlocation:
  world: world
  x: 9482.902406507757
  y: 63.0
  z: 9917.79412614054
  yaw: 196.68651
  pitch: 18.433153
