lastlocation:
  world: world
  x: 9193.0
  y: 92.0
  z: 9550.0
  yaw: 0.0
  pitch: 0.0
timestamps:
  login: 1376409560765
  logout: 1376409564861
ipAddress: 83.158.108.98
logoutlocation:
  world: world
  x: 9193.060370022371
  y: 90.3126548700837
  z: 9577.587476129187
  yaw: -24.899935
  pitch: 39.60001
