timestamps:
  login: 1376901490168
  logout: 1376901732380
ipAddress: 79.158.197.49
lastlocation:
  world: world
  x: 9388.361654431192
  y: 63.0
  z: 9907.079332952226
  yaw: 150.53935
  pitch: 33.00001
logoutlocation:
  world: world
  x: 9485.5
  y: 63.0
  z: 9918.5
  yaw: 91.0865
  pitch: -0.31684673
