timestamps:
  login: 1376324030418
  logout: 1376324066506
ipAddress: 109.88.44.152
lastlocation:
  world: world
  x: 9422.5
  y: -1.0
  z: 8918.5
  yaw: 0.0
  pitch: 0.0
logoutlocation:
  world: world
  x: 9193.697061572322
  y: 90.0
  z: 9553.051282277764
  yaw: -344.26764
  pitch: 19.358698
