timestamps:
  login: 1377690273916
  logout: 1377690283046
ipAddress: 2.10.5.31
lastlocation:
  world: world
  x: 9485.110357232317
  y: 63.0
  z: 9915.647074616603
  yaw: 136.98654
  pitch: 15.883154
logoutlocation:
  world: world
  x: 9483.614341639643
  y: 63.0
  z: 9912.950908111088
  yaw: 91.0865
  pitch: -0.31684673
