timestamps:
  login: 1377456119254
  logout: 1377456156869
ipAddress: 179.253.21.33
lastlocation:
  world: world
  x: 9491.317725546587
  y: 62.94728037504129
  z: 9824.347327249596
  yaw: 47.13672
  pitch: 23.85
logoutlocation:
  world: world
  x: 9494.625390128173
  y: 63.0
  z: 9811.300000011921
  yaw: -207.7135
  pitch: 90.0
