lastlocation:
  world: world
  x: 9484.848710739074
  y: 63.0
  z: 9915.842595414937
  yaw: -186.89333
  pitch: 3.8366845
timestamps:
  login: 1377530851108
  logout: 1377530905483
ipAddress: 5.48.58.169
logoutlocation:
  world: world
  x: 9485.5
  y: 63.0
  z: 9918.5
  yaw: 91.0865
  pitch: -0.31684673
