timestamps:
  login: 1376347584417
  logout: 1376347597734
ipAddress: 186.223.14.13
lastlocation:
  world: world
  x: 8647.5
  y: -1.490000009536743
  z: 9196.5
  yaw: 0.0
  pitch: 0.0
logoutlocation:
  world: world
  x: 9193.435328949796
  y: 89.0
  z: 9576.6452324313
  yaw: -0.5632019
  pitch: 2.1000016
