timestamps:
  login: 1378053997120
  logout: 1378054226868
ipAddress: 82.244.88.197
lastlocation:
  world: world
  x: 9410.135157822144
  y: -1161.2136334955876
  z: 9772.954710522969
  yaw: 206.6103
  pitch: -62.55001
logoutlocation:
  world: world
  x: 9485.5
  y: 63.0
  z: 9918.5
  yaw: 91.0865
  pitch: -0.31684673
