timestamps:
  login: 1377134844245
  logout: 1377134977561
ipAddress: 177.133.71.155
lastlocation:
  world: world
  x: 9471.573446977209
  y: 54.0
  z: 9750.635734112348
  yaw: 55.406616
  pitch: 89.26441
logoutlocation:
  world: world
  x: 9485.5
  y: 63.0
  z: 9918.5
  yaw: 91.0865
  pitch: -0.31684673
