timestamps:
  login: 1377460523363
  logout: 1377461090092
ipAddress: 90.15.214.103
lastlocation:
  world: world
  x: 9461.075526070239
  y: 53.0
  z: 9774.259485703988
  yaw: 165.05075
  pitch: -8.434792
logoutlocation:
  world: world
  x: 9482.701207151144
  y: 63.0
  z: 9918.47593922005
  yaw: 240.48648
  pitch: 9.583152
