lastlocation:
  world: world
  x: 9193.5
  y: 90.0
  z: 9550.5
  yaw: 356.69873
  pitch: 25.48799
timestamps:
  login: 1376165581092
  logout: 1376165668675
ipAddress: 200.207.145.178
logoutlocation:
  world: world
  x: 8567.5
  y: -4265.157672046628
  z: 10043.5
  yaw: -341.09998
  pitch: 82.8
