lastlocation:
  world: world
  x: 9397.535362260898
  y: 63.0
  z: 9906.977051045302
  yaw: -153.62932
  pitch: 1.1952088
timestamps:
  login: 1376419577828
  logout: 1376419661914
ipAddress: 81.244.106.253
logoutlocation:
  world: world
  x: 9485.5
  y: 63.0
  z: 9918.5
  yaw: 91.0865
  pitch: -0.31684673
