timestamps:
  login: 1377110880131
  logout: 1377110892050
ipAddress: 81.50.51.70
lastlocation:
  world: world
  x: 9483.328805255647
  y: 63.0
  z: 9913.991816479418
  yaw: 116.88653
  pitch: 19.33315
logoutlocation:
  world: world
  x: 9489.027748190074
  y: 63.0
  z: 9915.488814262559
  yaw: 271.23654
  pitch: 2.5331516
