timestamps:
  login: 1377369004418
  logout: 1377369015165
ipAddress: 99.141.243.144
lastlocation:
  world: world
  x: 9485.5
  y: 63.0
  z: 9918.5
  yaw: 92.5865
  pitch: 0.7331533
logoutlocation:
  world: world
  x: 9485.5
  y: 63.0
  z: 9918.5
  yaw: 91.0865
  pitch: -0.31684673
