lastlocation:
  world: world
  x: 9193.5
  y: 90.0
  z: 9550.5
  yaw: -353.66324
  pitch: 90.0
timestamps:
  login: 1376328188467
  logout: 1376328192575
ipAddress: 93.23.0.123
logoutlocation:
  world: world
  x: 9193.668088324892
  y: 89.0
  z: 9576.681370182063
  yaw: 7.6499023
  pitch: -1.350003
