lastlocation:
  world: world
  x: 9494.359436113316
  y: -6.6655644518510195
  z: 10148.22998076372
  yaw: 145.19986
  pitch: 86.399994
timestamps:
  login: 1376168475504
  lastteleport: 1376168526515
  logout: 1376168537364
ipAddress: 189.70.147.15
logoutlocation:
  world: world
  x: 9193.572873987616
  y: 89.0
  z: 9576.44911955453
  yaw: 357.89874
  pitch: -0.012005394
