lastlocation:
  world: world
  x: 9432.60001720681
  y: -70878.61331439749
  z: 9745.533325451075
  yaw: 202.61562
  pitch: 37.500008
timestamps:
  login: 1377694174661
  logout: 1377695372572
ipAddress: 90.47.29.93
logoutlocation:
  world: world
  x: 9485.5
  y: 63.0
  z: 9918.5
  yaw: 91.0865
  pitch: -0.31684673
