timestamps:
  login: 1377033604805
  logout: 1377033655944
ipAddress: 82.242.50.245
lastlocation:
  world: world
  x: 9425.961093098835
  y: 48.0
  z: 9745.796545745665
  yaw: -21.484365
  pitch: -9.104407
logoutlocation:
  world: world
  x: 9485.5
  y: 63.0
  z: 9918.5
  yaw: 91.0865
  pitch: -0.31684673
