lastlocation:
  world: world
  x: 9193.5
  y: 90.0
  z: 9550.5
  yaw: 267.2643
  pitch: 18.115183
timestamps:
  login: 1376153272073
  logout: 1376153296272
ipAddress: 82.255.9.248
logoutlocation:
  world: world
  x: 8204.500477295911
  y: 1.0
  z: 9918.186973151418
  yaw: -37.910934
  pitch: 1.2826962
