timestamps:
  login: 1377095531554
  logout: 1377096353666
ipAddress: 188.251.90.193
lastlocation:
  world: world
  x: 9457.159742338006
  y: 51.0
  z: 9787.123876249461
  yaw: -182.60036
  pitch: 4.865479
logoutlocation:
  world: world
  x: 9485.5
  y: 63.0
  z: 9918.5
  yaw: 91.0865
  pitch: -0.31684673
