timestamps:
  login: 1377875700806
  logout: 1377875727069
ipAddress: 93.8.106.26
lastlocation:
  world: world
  x: 9455.04282138523
  y: 48.0
  z: 9761.242719646287
  yaw: 49.74652
  pitch: 4.0152006
logoutlocation:
  world: world
  x: 9485.5
  y: 63.0
  z: 9918.5
  yaw: 91.0865
  pitch: -0.31684673
