timestamps:
  login: 1378230490035
  logout: 1378230524712
ipAddress: 195.36.184.251
lastlocation:
  world: world
  x: 9484.116554447759
  y: 63.0
  z: 9900.76442108159
  yaw: 208.01205
  pitch: -4.1492863
logoutlocation:
  world: world
  x: 9487.969650057335
  y: 63.0
  z: 9885.516585337326
  yaw: 0.26490775
  pitch: -11.163368
