timestamps:
  login: 1377020556535
  logout: 1377020574459
ipAddress: 109.129.139.122
lastlocation:
  world: world
  x: 9485.48040301539
  y: 63.0
  z: 9918.499656137486
  yaw: 130.6865
  pitch: -1.0464466
logoutlocation:
  world: world
  x: 9491.588734836489
  y: 63.0
  z: 9878.16222757102
  yaw: -178.27036
  pitch: 3.1775534
