lastlocation:
  world: world
  x: 9193.5
  y: 90.0
  z: 9550.5
  yaw: -353.5718
  pitch: 87.439865
timestamps:
  login: 1376309460503
  logout: 1376309746082
ipAddress: 89.85.211.3
logoutlocation:
  world: world
  x: 8986.024104202308
  y: -28154.064507890253
  z: 10147.304850531436
  yaw: -127.5496
  pitch: 75.037605
