timestamps:
  login: 1377361866867
  logout: 1377362099988
ipAddress: 109.218.225.11
lastlocation:
  world: world
  x: 9482.997220688287
  y: 63.0
  z: 9902.97236507741
  yaw: 76.385925
  pitch: 10.633168
logoutlocation:
  world: world
  x: 9483.872731633903
  y: 63.0
  z: 9912.728567692606
  yaw: 114.78649
  pitch: 7.6331534
