timestamps:
  login: 1377103469537
  logout: 1377103537250
ipAddress: 82.237.93.64
lastlocation:
  world: world
  x: 9428.457365671658
  y: 54.0
  z: 9756.480875248972
  yaw: -69.83915
  pitch: -12.471935
logoutlocation:
  world: world
  x: 9485.5
  y: 63.0
  z: 9918.5
  yaw: 91.0865
  pitch: -0.31684673
