timestamps:
  login: 1376935112230
  logout: 1376935158063
ipAddress: 201.94.187.168
lastlocation:
  world: world
  x: 9485.5
  y: 63.0
  z: 9918.5
  yaw: 91.0865
  pitch: -0.31684673
logoutlocation:
  world: world
  x: 9492.049039758593
  y: 63.0
  z: 9842.688460409656
  yaw: -163.16345
  pitch: 1.5000117
