timestamps:
  login: 1378283913590
  logout: 1378283922785
ipAddress: 92.158.94.203
lastlocation:
  world: world
  x: 9485.5
  y: 63.0
  z: 9918.5
  yaw: 91.0865
  pitch: -0.31684673
logoutlocation:
  world: world
  x: 9483.328341588443
  y: 63.0
  z: 9914.084043057068
  yaw: -120.55897
  pitch: 4.386386
