lastlocation:
  world: world
  x: 9193.5
  y: 90.0
  z: 9550.5
  yaw: 356.69873
  pitch: 25.48799
timestamps:
  login: 1376168226842
  logout: 1376168320442
ipAddress: 186.223.89.67
logoutlocation:
  world: world
  x: 8587.336545125427
  y: -3919.7731774815975
  z: 8854.088807022246
  yaw: -127.94991
  pitch: -58.65
