lastlocation:
  world: world
  x: 9193.5
  y: 90.0
  z: 9550.5
  yaw: -353.66324
  pitch: 90.0
timestamps:
  login: 1376331366312
  logout: 1376331367767
ipAddress: 78.238.130.52
logoutlocation:
  world: world
  x: 9218.316831765782
  y: 89.0
  z: 9550.383886348749
  yaw: -81.161606
  pitch: 7.608009
