timestamps:
  login: 1378112759383
  logout: 1378112802675
ipAddress: 90.22.196.62
lastlocation:
  world: world
  x: 9483.96619326651
  y: 63.0
  z: 9913.397633367986
  yaw: 116.88648
  pitch: 3.2831488
logoutlocation:
  world: world
  x: 9484.487346736205
  y: 63.0
  z: 9915.80104166389
  yaw: -188.51343
  pitch: -1.8168468
