timestamps:
  login: 1377960549571
  logout: 1377960657868
ipAddress: 62.241.94.101
lastlocation:
  world: world
  x: 9448.313849527764
  y: 60.0
  z: 9771.387478609493
  yaw: 182.50964
  pitch: 6.0060034
logoutlocation:
  world: world
  x: 9485.5
  y: 63.0
  z: 9918.5
  yaw: 91.0865
  pitch: -0.31684673
