lastlocation:
  world: world
  x: 9193.5
  y: 90.0
  z: 9550.5
  yaw: -353.66324
  pitch: 90.0
timestamps:
  login: 1376410529008
  logout: 1376410560875
ipAddress: 2.2.7.103
logoutlocation:
  world: world
  x: 9193.255635384876
  y: 89.0
  z: 9577.355907322375
  yaw: 0.1499939
  pitch: 0.74999875
