lastlocation:
  world: world
  x: 9481.182475827634
  y: 54.0
  z: 9752.596005374317
  yaw: -136.73468
  pitch: -6.299988
timestamps:
  login: 1377721766328
  logout: 1377722800266
ipAddress: 189.73.176.143
logoutlocation:
  world: world
  x: 9485.384746409953
  y: 63.0
  z: 9918.610980175436
  yaw: 91.0865
  pitch: -0.31684673
