timestamps:
  login: 1378054345842
  logout: 1378054486603
ipAddress: 84.7.170.115
lastlocation:
  world: world
  x: 9490.699999988079
  y: 54.0
  z: 9756.699999988079
  yaw: 14.155884
  pitch: 9.300028
logoutlocation:
  world: world
  x: 9485.5
  y: 63.0
  z: 9918.5
  yaw: 91.0865
  pitch: -0.31684673
