timestamps:
  login: 1377633278960
  logout: 1377634289968
ipAddress: 90.47.56.26
lastlocation:
  world: world
  x: 9451.52409974573
  y: 48.0
  z: 9748.12692837209
  yaw: -40.59318
  pitch: -16.185621
logoutlocation:
  world: world
  x: 9493.833669446449
  y: 63.0
  z: 9920.695288265859
  yaw: 359.28632
  pitch: 62.98314
