timestamps:
  login: 1377193193156
  logout: 1377193215209
ipAddress: 90.47.237.17
logoutlocation:
  world: world
  x: 9485.5
  y: 63.0
  z: 9918.5
  yaw: 91.0865
  pitch: -0.31684673
lastlocation:
  world: world
  x: 9444.92222906857
  y: -293.4395771425441
  z: 10778.345192917002
  yaw: -35.399536
  pitch: 38.399986
