lastlocation:
  world: world
  x: 9390.700837401931
  y: 68.0
  z: 9908.85036159801
  yaw: 12.321564
  pitch: 11.139324
timestamps:
  login: 1376417764258
  logout: 1376417882078
ipAddress: 88.184.146.13
logoutlocation:
  world: world
  x: 9485.5
  y: 63.0
  z: 9918.5
  yaw: 91.0865
  pitch: -0.31684673
