timestamps:
  login: 1378129116534
  logout: 1378129130419
ipAddress: 88.122.96.73
lastlocation:
  world: world
  x: 9489.567780319449
  y: 63.0
  z: 9913.014248942423
  yaw: 278.21613
  pitch: 10.592058
logoutlocation:
  world: world
  x: 9483.728486609643
  y: 63.0
  z: 9912.724034267989
  yaw: 57.10107
  pitch: 17.724798
