timestamps:
  login: 1378232965448
  logout: 1378233107726
ipAddress: 109.16.205.29
lastlocation:
  world: world
  x: 9399.758903099
  y: 53.0
  z: 9752.244150993645
  yaw: -349.5902
  pitch: 15.542472
logoutlocation:
  world: world
  x: 9485.5
  y: 63.0
  z: 9918.5
  yaw: 91.0865
  pitch: -0.31684673
