lastlocation:
  world: world
  x: 8549.961244679644
  y: -1978.5481103569894
  z: 9086.681020659129
  yaw: 178.05023
  pitch: -61.200005
timestamps:
  login: 1376160880648
  logout: 1376160980700
  lastteleport: 1376160933694
ipAddress: 177.16.180.39
logoutlocation:
  world: world
  x: 9216.199999988079
  y: 88.6710942617381
  z: 9550.552800558706
  yaw: 266.39832
  pitch: -2.699996
