lastlocation:
  world: world
  x: 9431.747407661935
  y: 54.0
  z: 9756.301517301543
  yaw: 154.54845
  pitch: 6.305989
timestamps:
  login: 1378128607583
  logout: 1378129165623
ipAddress: 92.139.47.86
logoutlocation:
  world: world
  x: 9485.5
  y: 63.0
  z: 9918.5
  yaw: 91.0865
  pitch: -0.31684673
