lastlocation:
  world: world
  x: 9194.930234338131
  y: 88.0
  z: 9560.372690352162
  yaw: 66.000084
  pitch: 31.349981
timestamps:
  login: 1378043990852
  logout: 1378044056316
ipAddress: 189.76.35.89
logoutlocation:
  world: world
  x: 9496.212101341447
  y: 63.0
  z: 9816.489754424407
  yaw: -12.413422
  pitch: 86.85
