timestamps:
  login: 1378031492771
  logout: 1378031505335
ipAddress: 176.56.174.45
lastlocation:
  world: world
  x: 9485.5
  y: 63.0
  z: 9918.5
  yaw: 96.1865
  pitch: 2.3831532
logoutlocation:
  world: world
  x: 9485.5
  y: 63.0
  z: 9918.5
  yaw: 101.28649
  pitch: -2.8668466
