lastlocation:
  world: world
  x: 9824.449864829594
  y: -1.766283768922392
  z: 9988.681221511013
  yaw: -215.24998
  pitch: 90.0
timestamps:
  login: 1376171251473
  lastteleport: 1376171315309
  logout: 1376171357817
ipAddress: 189.123.27.99
logoutlocation:
  world: world
  x: 9193.258682390233
  y: 89.0
  z: 9576.436085421328
  yaw: 353.39905
  pitch: 3.7379704
