lastlocation:
  world: world
  x: 9193.5
  y: 90.0
  z: 9550.5
  yaw: -353.5827
  pitch: 90.0
timestamps:
  login: 1376401741905
  logout: 1376401785305
ipAddress: 177.35.218.36
logoutlocation:
  world: world
  x: 9211.795568774596
  y: 88.0
  z: 9550.086673726642
  yaw: 90.75413
  pitch: 9.542477
