timestamps:
  login: 1378115635637
  logout: 1378113874399
ipAddress: 84.7.189.81
lastlocation:
  world: world
  x: 9411.591349598975
  y: 60.0
  z: 9778.19397918706
  yaw: 279.25018
  pitch: 4.3305163
logoutlocation:
  world: world
  x: 9485.5
  y: 63.0
  z: 9918.5
  yaw: 91.0865
  pitch: -0.31684673
