lastlocation:
  world: world
  x: 8592.5
  y: -1160.778186935333
  z: 9781.101983639244
  yaw: 7.4045434
  pitch: -44.42726
timestamps:
  login: 1376300015057
  lastteleport: 1376300060416
  logout: 1376300125540
ipAddress: 87.66.195.121
logoutlocation:
  world: world
  x: 9194.185167326117
  y: 89.0
  z: 9524.087687470088
  yaw: 166.80322
  pitch: 3.1648903
