timestamps:
  login: 1376577135429
  logout: 1376577805438
ipAddress: 189.78.180.21
lastlocation:
  world: world
  x: 9396.300000011921
  y: 68.0
  z: 9911.300000011921
  yaw: -76.06879
  pitch: -11.376036
logoutlocation:
  world: world
  x: 9485.5
  y: 63.0
  z: 9918.5
  yaw: 91.0865
  pitch: -0.31684673
