timestamps:
  login: 1376787774056
  logout: 1376788127610
ipAddress: 187.57.121.37
lastlocation:
  world: world
  x: 9390.133492430015
  y: 63.0
  z: 9911.646093294326
  yaw: 261.39047
  pitch: 7.5143957
logoutlocation:
  world: world
  x: 9485.5
  y: 63.0
  z: 9918.5
  yaw: 91.0865
  pitch: -0.31684673
