timestamps:
  login: 1377525855807
  logout: 1377525888129
ipAddress: 109.211.95.27
lastlocation:
  world: world
  x: 9487.658596804722
  y: 63.0
  z: 9911.22798313292
  yaw: -19.463234
  pitch: -3.316845
logoutlocation:
  world: world
  x: 9485.5
  y: 63.0
  z: 9918.5
  yaw: 91.0865
  pitch: -0.31684673
