timestamps:
  login: 1377708811458
  logout: 1377708872014
ipAddress: 94.109.16.120
lastlocation:
  world: world
  x: 9404.199694341332
  y: 60.0
  z: 9758.13362254536
  yaw: 87.660416
  pitch: 26.642397
logoutlocation:
  world: world
  x: 9485.5
  y: 63.0
  z: 9918.5
  yaw: 91.0865
  pitch: -0.31684673
