timestamps:
  login: 1377618357357
  logout: 1377618389545
ipAddress: 93.28.100.209
lastlocation:
  world: world
  x: 9485.5
  y: 63.0
  z: 9918.5
  yaw: 91.0865
  pitch: -0.7668467
logoutlocation:
  world: world
  x: 9483.72265339216
  y: 63.0
  z: 9840.404564943732
  yaw: 179.28656
  pitch: 9.583148
