lastlocation:
  world: world
  x: 9193.5
  y: 90.0
  z: 9550.5
  yaw: -353.66324
  pitch: 90.0
timestamps:
  login: 1376401541141
  logout: 1376401566016
ipAddress: 189.74.90.51
logoutlocation:
  world: world
  x: 9194.646041746399
  y: 89.5
  z: 9546.191411854254
  yaw: -18.900106
  pitch: 8.850007
