timestamps:
  login: 1378115801594
  logout: 1378116301398
ipAddress: 90.5.99.166
lastlocation:
  world: world
  x: 9464.558467599645
  y: 54.5
  z: 9739.853557000666
  yaw: -134.04958
  pitch: 32.665184
logoutlocation:
  world: world
  x: 9485.561229957972
  y: 63.0
  z: 9911.183387342497
  yaw: -77.963684
  pitch: -8.116841
