timestamps:
  login: 1377690898478
  logout: 1377691287022
ipAddress: 79.93.236.69
lastlocation:
  world: world
  x: 9404.331350867795
  y: 52.5
  z: 9739.324947223384
  yaw: 67.84844
  pitch: 31.955994
logoutlocation:
  world: world
  x: 9485.5
  y: 63.0
  z: 9918.5
  yaw: 91.0865
  pitch: -0.31684673
