lastlocation:
  world: world
  x: 9193.0
  y: 92.0
  z: 9550.0
  yaw: 0.0
  pitch: 0.0
timestamps:
  login: 1376331568369
  logout: 1376331612395
ipAddress: 200.232.254.174
logoutlocation:
  world: world
  x: 9193.415304664095
  y: 89.0
  z: 9524.174252552508
  yaw: 189.59999
  pitch: 3.1499965
