lastlocation:
  world: world
  x: 9193.0
  y: 90.0
  z: 9550.0
  yaw: 0.0
  pitch: 0.0
timestamps:
  login: 1376176587991
  logout: 1376176609428
ipAddress: 177.98.145.187
logoutlocation:
  world: world
  x: 9803.320950520116
  y: -8795.743691908647
  z: 8750.726159866863
  yaw: -97.650085
  pitch: 90.0
