timestamps:
  login: 1377952624141
  logout: 1377952707616
ipAddress: 84.6.182.150
lastlocation:
  world: world
  x: 9471.629937928972
  y: 54.0
  z: 9747.35572809531
  yaw: -98.18493
  pitch: 19.906797
logoutlocation:
  world: world
  x: 9485.5
  y: 63.0
  z: 9918.5
  yaw: 91.0865
  pitch: -0.31684673
