lastlocation:
  world: world
  x: 9193.5
  y: 90.0
  z: 9550.5
  yaw: -353.66324
  pitch: 90.0
timestamps:
  login: 1376310886961
  logout: 1376310908041
ipAddress: 79.176.13.222
logoutlocation:
  world: world
  x: 9193.51413955371
  y: 89.0
  z: 9577.428624640921
  yaw: 0.9746399
  pitch: 1.630947
