timestamps:
  login: 1377606389307
  logout: 1377606873933
ipAddress: 90.17.6.8
lastlocation:
  world: world
  x: 9471.033885317833
  y: 54.0
  z: 9747.519504514676
  yaw: 91.94732
  pitch: 21.775251
logoutlocation:
  world: world
  x: 9489.633821112857
  y: 63.0
  z: 9911.992896586642
  yaw: 90.69434
  pitch: -4.70915
