timestamps:
  login: 1377813138491
  logout: 1377814701596
ipAddress: 92.138.246.63
lastlocation:
  world: world
  x: 9405.276382497514
  y: 53.5
  z: 9713.8712429027
  yaw: 115.24841
  pitch: 3.75001
logoutlocation:
  world: world
  x: 9483.365217061664
  y: 63.0
  z: 9919.070264603339
  yaw: 227.13672
  pitch: 13.800006
