lastlocation:
  world: world
  x: 9193.5
  y: 90.0
  z: 9550.5
  yaw: -353.66324
  pitch: 90.0
timestamps:
  login: 1376411164817
  logout: 1376411170460
ipAddress: 201.78.26.20
logoutlocation:
  world: world
  x: 9193.690512811909
  y: 89.0
  z: 9523.803769256945
  yaw: 177.90004
  pitch: 3.0000057
