timestamps:
  login: 1378038354002
  logout: 1378038386761
ipAddress: 88.125.48.3
lastlocation:
  world: world
  x: 9485.5
  y: 63.0
  z: 9918.5
  yaw: 91.386505
  pitch: -0.7668467
logoutlocation:
  world: world
  x: 9481.300000011921
  y: 63.0
  z: 9902.026767407413
  yaw: 157.08658
  pitch: -1.5168468
