timestamps:
  login: 1376944203845
  logout: 1376944239105
ipAddress: 188.54.69.207
lastlocation:
  world: world
  x: 9487.934446023995
  y: 54.0
  z: 9750.724921732266
  yaw: 3.79735
  pitch: 7.3393807
logoutlocation:
  world: world
  x: 9485.5
  y: 63.0
  z: 9918.5
  yaw: 91.0865
  pitch: -0.31684673
