timestamps:
  login: 1378042793471
  logout: 1378042848424
ipAddress: 41.104.69.49
lastlocation:
  world: world
  x: 9451.300000011921
  y: 54.0
  z: 9760.676062380033
  yaw: 106.55681
  pitch: 24.614388
logoutlocation:
  world: world
  x: 9485.5
  y: 63.0
  z: 9918.5
  yaw: 91.0865
  pitch: -0.31684673
