timestamps:
  login: 1377805794933
  logout: 1377806398095
ipAddress: 189.10.78.198
lastlocation:
  world: world
  x: 9433.078808684753
  y: 48.0
  z: 9746.299600644415
  yaw: 311.656
  pitch: 6.44159
logoutlocation:
  world: world
  x: 9450.259566400131
  y: 60.0
  z: 9738.647726649137
  yaw: -61.284786
  pitch: 11.356802
