lastlocation:
  world: world
  x: 9193.0
  y: 92.0
  z: 9550.0
  yaw: 0.0
  pitch: 0.0
timestamps:
  login: 1376345381633
  logout: 1376345393044
ipAddress: 201.66.83.55
logoutlocation:
  world: world
  x: 9192.877009849177
  y: 90.0
  z: 9549.269143321264
  yaw: -128.12941
  pitch: 0.47321308
