timestamps:
  login: 1377512625996
  logout: 1377512895248
ipAddress: 88.219.67.131
lastlocation:
  world: world
  x: 9466.364834993215
  y: 54.0
  z: 9756.865811730717
  yaw: 212.40173
  pitch: 36.369198
logoutlocation:
  world: world
  x: 9485.5
  y: 63.0
  z: 9918.5
  yaw: 91.0865
  pitch: -0.31684673
