lastlocation:
  world: world
  x: 9193.5
  y: 90.0
  z: 9550.5
  yaw: -353.66324
  pitch: 89.8383
timestamps:
  login: 1376341818675
  logout: 1376341882362
ipAddress: 78.227.56.91
logoutlocation:
  world: world
  x: 9193.071772242469
  y: 89.1707870772188
  z: 9576.091611472928
  yaw: -3.6288452
  pitch: 8.059557
