lastlocation:
  world: world
  x: 9193.0
  y: 92.0
  z: 9550.0
  yaw: 0.0
  pitch: 0.0
timestamps:
  login: 1376327031641
  logout: 1376327070810
ipAddress: 2.90.70.133
logoutlocation:
  world: world
  x: 9192.794249472323
  y: 89.0
  z: 9576.572199542316
  yaw: -9.113073
  pitch: 2.8778152
