timestamps:
  login: 1377960537309
  logout: 1377960627762
ipAddress: 92.130.62.80
lastlocation:
  world: world
  x: 9458.314014833895
  y: 48.0
  z: 9737.79738185148
  yaw: 43.69848
  pitch: 3.9059837
logoutlocation:
  world: world
  x: 9485.5
  y: 63.0
  z: 9918.5
  yaw: 91.0865
  pitch: -0.31684673
