timestamps:
  login: 1378053686653
  logout: 1378053702583
ipAddress: 31.33.180.163
lastlocation:
  world: world
  x: 9485.5
  y: 63.0
  z: 9918.5
  yaw: 91.0865
  pitch: -0.31684673
logoutlocation:
  world: world
  x: 9494.451693518422
  y: 63.0
  z: 9908.734025133082
  yaw: 213.18652
  pitch: 2.6831527
