timestamps:
  login: 1378039712932
  logout: 1378039725889
ipAddress: 188.62.43.105
lastlocation:
  world: world
  x: 9446.365478313473
  y: 61.170787077218804
  z: 9782.126045347162
  yaw: 96.92334
  pitch: -0.17058492
logoutlocation:
  world: world
  x: 9484.092543831617
  y: 63.0
  z: 9912.259855822382
  yaw: 5.6734295
  pitch: 4.0872607
