lastlocation:
  world: world
  x: 9193.5
  y: 89.0
  z: 9550.5
  yaw: 277.09467
  pitch: 50.678387
timestamps:
  login: 1376151277241
  logout: 1376151292614
ipAddress: 78.225.39.153
logoutlocation:
  world: world
  x: 9303.250674003062
  y: -2803.9619431802575
  z: 8748.764643674458
  yaw: 343.95056
  pitch: -86.55
