timestamps:
  login: 1378135842440
  logout: 1378135868681
ipAddress: 92.161.148.71
lastlocation:
  world: world
  x: 9485.5
  y: 63.0
  z: 9918.5
  yaw: 91.0865
  pitch: -0.31684673
logoutlocation:
  world: world
  x: 9485.5
  y: 63.0
  z: 9918.5
  yaw: 190.23651
  pitch: 3.133155
