lastlocation:
  world: world
  x: 9193.0
  y: 92.0
  z: 9550.0
  yaw: 0.0
  pitch: 0.0
timestamps:
  login: 1376330185016
  logout: 1376330188126
ipAddress: 77.205.214.170
logoutlocation:
  world: world
  x: 9193.5
  y: 90.0
  z: 9550.5
  yaw: -353.72354
  pitch: 86.32172
