timestamps:
  login: 1376341259877
  logout: 1376341330880
ipAddress: 88.174.171.59
lastlocation:
  world: world
  x: 8910.5
  y: -1.6860000133514401
  z: 8681.5
  yaw: 0.0
  pitch: 0.3
logoutlocation:
  world: world
  x: 9218.773333497953
  y: 89.0
  z: 9550.554861692397
  yaw: -90.41431
  pitch: 8.099976
