timestamps:
  login: 1377031983639
  logout: 1377032085087
ipAddress: 89.155.192.137
lastlocation:
  world: world
  x: 9506.699999988079
  y: 63.0
  z: 9921.234707036618
  yaw: 120.18631
  pitch: -4.0500026
logoutlocation:
  world: world
  x: 9485.5
  y: 63.0
  z: 9918.5
  yaw: 91.0865
  pitch: -0.31684673
