timestamps:
  login: 1377071875123
  logout: 1377072166776
ipAddress: 92.160.253.175
lastlocation:
  world: world
  x: 9490.784014788876
  y: 63.0
  z: 9812.205142973278
  yaw: 65.58664
  pitch: -3.3000002
logoutlocation:
  world: world
  x: 9485.5
  y: 63.0
  z: 9918.5
  yaw: 91.0865
  pitch: -0.31684673
