timestamps:
  login: 1378115736860
  logout: 1378116268817
ipAddress: 109.215.123.212
lastlocation:
  world: world
  x: 9456.126833137147
  y: 48.0
  z: 9759.36287636384
  yaw: 64.71039
  pitch: 0.65865064
logoutlocation:
  world: world
  x: 9487.92048557056
  y: 63.0
  z: 9921.181455230535
  yaw: 250.24185
  pitch: 9.842012
