timestamps:
  login: 1377712159176
  logout: 1377712199954
ipAddress: 84.99.139.123
lastlocation:
  world: world
  x: 9482.375609390012
  y: 63.0
  z: 9912.658719860652
  yaw: 164.88216
  pitch: -1.7664058
logoutlocation:
  world: world
  x: 9488.481347484196
  y: 63.0
  z: 9897.5723932039
  yaw: 14.655319
  pitch: -0.9757716
