timestamps:
  login: 1378115771334
  logout: 1378114732339
ipAddress: 109.18.98.90
lastlocation:
  world: world
  x: 9407.87942690613
  y: 52.0
  z: 9715.822684497702
  yaw: -239.59654
  pitch: 17.396555
logoutlocation:
  world: world
  x: 9485.5
  y: 63.0
  z: 9918.5
  yaw: 91.0865
  pitch: -0.31684673
