lastlocation:
  world: world
  x: 9207.361599105136
  y: 78.67061859942764
  z: 9544.204387279036
  yaw: 359.84995
  pitch: -75.15
timestamps:
  login: 1376392401493
  logout: 1376392473280
ipAddress: 89.89.83.251
logoutlocation:
  world: world
  x: 9219.699999988079
  y: 89.0
  z: 9549.803101179314
  yaw: -31.45378
  pitch: -13.050009
