timestamps:
  login: 1377631025844
  logout: 1377631522674
ipAddress: 70.83.28.80
lastlocation:
  world: world
  x: 9474.94583198906
  y: 54.0
  z: 9748.57498304876
  yaw: 258.8517
  pitch: -9.182397
logoutlocation:
  world: world
  x: 9485.00145621905
  y: 63.0
  z: 9913.045981178519
  yaw: 86.48651
  pitch: 2.9293284
