timestamps:
  login: 1376493754632
  logout: 1376493958993
ipAddress: 80.200.203.207
lastlocation:
  world: world
  x: 9421.530575952735
  y: 60.0
  z: 9784.604532325207
  yaw: 358.83862
  pitch: 26.453276
logoutlocation:
  world: world
  x: 9485.5
  y: 63.0
  z: 9918.5
  yaw: 91.0865
  pitch: -0.31684673
