timestamps:
  login: 1376411917149
  logout: 1376411950690
ipAddress: 201.25.54.7
lastlocation:
  world: world
  x: 9540.5
  y: -1.0
  z: 9628.5
  yaw: 0.0
  pitch: 0.0
logoutlocation:
  world: world
  x: 9217.411825882244
  y: 89.0
  z: 9550.742002659223
  yaw: -94.76343
  pitch: -4.050007
