timestamps:
  login: 1377780986901
  logout: 1377781060978
ipAddress: 187.39.31.102
lastlocation:
  world: world
  x: 9406.004917189162
  y: 60.0
  z: 9780.699999988079
  yaw: 289.56036
  pitch: 12.092405
logoutlocation:
  world: world
  x: 9485.5
  y: 63.0
  z: 9918.5
  yaw: 91.0865
  pitch: -0.31684673
