timestamps:
  login: 1378238831405
  logout: 1378238853718
ipAddress: 86.214.157.161
lastlocation:
  world: world
  x: 9484.730996119239
  y: 63.0
  z: 9916.088180245379
  yaw: 146.29599
  pitch: 6.4686737
logoutlocation:
  world: world
  x: 9490.149476177041
  y: 63.0
  z: 9917.284798890285
  yaw: 252.60245
  pitch: 5.9546194
