lastlocation:
  world: world
  x: 8413.00233099174
  y: -89.95538065667428
  z: 10022.210807902928
  yaw: -50.24995
  pitch: -31.649996
timestamps:
  login: 1376296809178
  lastteleport: 1376296852505
  logout: 1376296863772
ipAddress: 93.21.158.243
logoutlocation:
  world: world
  x: 9193.209480110863
  y: 89.0
  z: 9576.12719310837
  yaw: -4.613373
  pitch: 3.2999866
