timestamps:
  login: 1376337331701
  logout: 1376337372582
ipAddress: 77.84.105.89
lastlocation:
  world: world
  x: 8292.5
  y: -1.0
  z: 8604.5
  yaw: 0.0
  pitch: 0.0
logoutlocation:
  world: world
  x: 9193.61436411769
  y: 89.0
  z: 9578.101095979013
  yaw: -358.69382
  pitch: 2.6841092
