lastlocation:
  world: world
  x: 9193.5
  y: 90.0
  z: 9550.5
  yaw: -353.66324
  pitch: 90.0
timestamps:
  login: 1376310891638
  logout: 1376310913332
ipAddress: 177.83.248.140
logoutlocation:
  world: world
  x: 9192.926141595179
  y: 90.0
  z: 9547.144134827211
  yaw: -354.60028
  pitch: 5.99999
