timestamps:
  login: 1378130701647
  logout: 1378130726805
ipAddress: 82.224.239.87
lastlocation:
  world: world
  x: 9485.5
  y: 63.0
  z: 9918.5
  yaw: 91.0865
  pitch: -0.31684673
logoutlocation:
  world: world
  x: 9487.366691792624
  y: 63.0
  z: 9854.955884781037
  yaw: -184.31345
  pitch: 7.6331563
