lastlocation:
  world: world
  x: 9193.0
  y: 92.0
  z: 9550.0
  yaw: 0.0
  pitch: 0.0
timestamps:
  login: 1376326586514
  logout: 1376326616718
ipAddress: 92.140.210.192
logoutlocation:
  world: world
  x: 9193.571854503927
  y: 89.0
  z: 9577.785025648038
  yaw: -0.20041734
  pitch: 8.217131
