lastlocation:
  world: world
  x: 9193.5
  y: 90.0
  z: 9550.5
  yaw: -353.66324
  pitch: 89.7
timestamps:
  login: 1376349010533
  logout: 1376349027218
ipAddress: 83.79.152.6
logoutlocation:
  world: world
  x: 9193.669363450255
  y: 89.0
  z: 9523.776704917691
  yaw: -183.45042
  pitch: 1.9499984
