timestamps:
  login: 1378227858558
  logout: 1378227946086
ipAddress: 77.56.108.32
lastlocation:
  world: world
  x: 9394.374457847174
  y: 52.0
  z: 9724.701265540429
  yaw: 6.371006
  pitch: 1.6382818
logoutlocation:
  world: world
  x: 9485.5
  y: 63.0
  z: 9918.5
  yaw: 91.0865
  pitch: -0.31684673
