timestamps:
  login: 1377362081371
  logout: 1377362205938
ipAddress: 85.68.197.138
lastlocation:
  world: world
  x: 9497.420256856612
  y: 63.0
  z: 9901.720918106652
  yaw: 72.63646
  pitch: 7.050006
logoutlocation:
  world: world
  x: 9490.346056415938
  y: 63.0
  z: 9914.076273096758
  yaw: 81.48627
  pitch: 4.33315
