timestamps:
  login: 1376473785654
  logout: 1376473816325
ipAddress: 87.109.23.253
lastlocation:
  world: world
  x: 9485.5
  y: 63.0
  z: 9918.5
  yaw: 91.0865
  pitch: -0.31684673
logoutlocation:
  world: world
  x: 9482.143111842963
  y: 63.0
  z: 9912.983066952296
  yaw: 86.886505
  pitch: 31.933155
