lastlocation:
  world: world
  x: 9193.5
  y: 90.0
  z: 9550.5
  yaw: -353.66324
  pitch: 90.0
timestamps:
  login: 1376371027158
  logout: 1376371089112
ipAddress: 188.54.219.88
logoutlocation:
  world: world
  x: 9204.772234520768
  y: 89.56217750096917
  z: 9550.01967067657
  yaw: 280.77692
  pitch: -1.7154098
