lastlocation:
  world: world
  x: 9193.5
  y: 90.0
  z: 9550.5
  yaw: 356.69873
  pitch: 25.48799
timestamps:
  login: 1376209704737
  logout: 1376209817008
ipAddress: 78.116.226.177
logoutlocation:
  world: world
  x: 9192.828846830527
  y: 89.0
  z: 9577.575922326803
  yaw: -12.7508545
  pitch: 5.400001
