lastlocation:
  world: world
  x: 9193.5
  y: 90.0
  z: 9550.5
  yaw: -351.86325
  pitch: 86.850006
timestamps:
  login: 1376301712831
  logout: 1376301735355
ipAddress: 177.154.195.44
logoutlocation:
  world: world
  x: 9218.137231286913
  y: 89.0
  z: 9549.562975311228
  yaw: -58.95017
  pitch: 2.2500048
