timestamps:
  login: 1376435816761
  logout: 1376435902448
ipAddress: 90.40.94.193
lastlocation:
  world: world
  x: 9483.92168490124
  y: 63.0
  z: 9915.597590964106
  yaw: 208.08496
  pitch: 15.000017
logoutlocation:
  world: world
  x: 9485.5
  y: 63.0
  z: 9918.5
  yaw: 91.0865
  pitch: -0.31684673
