lastlocation:
  world: world
  x: 9193.0
  y: 92.0
  z: 9550.0
  yaw: 0.0
  pitch: 0.0
timestamps:
  login: 1376379318573
  logout: 1376379391132
ipAddress: 88.170.93.56
logoutlocation:
  world: world
  x: 9193.197594316998
  y: 89.20000004768372
  z: 9576.576315300843
  yaw: -2.402069
  pitch: 5.099987
