timestamps:
  login: 1377445260483
  logout: 1377445264776
ipAddress: 82.251.242.145
lastlocation:
  world: world
  x: 9486.119267981063
  y: 63.0
  z: 9918.217486875596
  yaw: 302.2865
  pitch: 3.7331536
logoutlocation:
  world: world
  x: 9485.20546205148
  y: 63.0
  z: 9918.505592361093
  yaw: 69.03649
  pitch: 1.933153
