timestamps:
  login: 1377194198010
  logout: 1377194468527
ipAddress: 88.180.58.66
lastlocation:
  world: world
  x: 9453.256205411615
  y: 48.0
  z: 9768.645257674223
  yaw: 4.974382
  pitch: 31.578928
logoutlocation:
  world: world
  x: 9485.5
  y: 63.0
  z: 9918.5
  yaw: 91.0865
  pitch: -0.31684673
