lastlocation:
  world: world
  x: 9485.882480182658
  y: 63.0
  z: 9906.056911570511
  yaw: 100.23558
  pitch: 3.2831097
timestamps:
  login: 1378154227093
  logout: 1378154296974
ipAddress: 187.7.180.9
logoutlocation:
  world: world
  x: 9488.403183328768
  y: 63.0
  z: 9900.89154098899
  yaw: 93.186455
  pitch: 13.783146
