timestamps:
  login: 1376994419675
  logout: 1376994624513
ipAddress: 78.241.231.140
lastlocation:
  world: world
  x: 9408.034905702152
  y: 60.0
  z: 9776.57201991376
  yaw: 296.9104
  pitch: 10.7424
logoutlocation:
  world: world
  x: 9485.5
  y: 63.0
  z: 9918.5
  yaw: 91.0865
  pitch: -0.31684673
