timestamps:
  login: 1376858576493
  logout: 1376859672126
ipAddress: 2.4.79.8
lastlocation:
  world: world
  x: 9407.563310277004
  y: 63.0
  z: 9917.60380196442
  yaw: 162.24048
  pitch: 8.8644
logoutlocation:
  world: world
  x: 9410.876939723488
  y: 63.797350686368674
  z: 9911.215302416838
  yaw: 252.24052
  pitch: 17.714396
