timestamps:
  login: 1376998849626
  logout: 1376998920605
ipAddress: 90.15.97.188
lastlocation:
  world: world
  x: 9404.67878261747
  y: 52.0
  z: 9716.243738321618
  yaw: 238.27989
  pitch: -1.4169098
logoutlocation:
  world: world
  x: 9485.5
  y: 63.0
  z: 9918.5
  yaw: 91.0865
  pitch: -0.31684673
