timestamps:
  login: 1377379235070
  logout: 1377379540729
ipAddress: 88.122.96.73
lastlocation:
  world: world
  x: 9483.300000011921
  y: 63.0
  z: 9910.300000011921
  yaw: 293.68268
  pitch: 19.50095
logoutlocation:
  world: world
  x: 9482.859778288033
  y: 63.0
  z: 9912.939224995069
  yaw: 98.886505
  pitch: 2.5331533
