lastlocation:
  world: world
  x: 9193.5
  y: 90.0
  z: 9550.5
  yaw: -353.66324
  pitch: 90.0
timestamps:
  login: 1376300473232
  logout: 1376300491754
ipAddress: 178.211.242.93
logoutlocation:
  world: world
  x: 9197.396800053299
  y: 90.0
  z: 9551.206666607653
  yaw: -220.65079
  pitch: 42.464973
