lastlocation:
  world: world
  x: 9193.5
  y: 90.0
  z: 9550.5
  yaw: -353.66324
  pitch: 90.0
timestamps:
  login: 1376397992195
  logout: 1376398052329
ipAddress: 82.239.228.147
logoutlocation:
  world: world
  x: 9193.211052554849
  y: 89.0
  z: 9576.951389862525
  yaw: -7.9500737
  pitch: 5.4000115
