timestamps:
  login: 1376681024560
  logout: 1376681033223
ipAddress: 82.241.170.169
lastlocation:
  world: world
  x: 9482.040143294269
  y: 63.0
  z: 9912.733817497783
  yaw: 100.95705
  pitch: 51.181988
logoutlocation:
  world: world
  x: 9485.5
  y: 63.0
  z: 9918.5
  yaw: 91.0865
  pitch: -0.31684673
