timestamps:
  login: 1377460007639
  logout: 1377460052398
ipAddress: 177.19.87.49
lastlocation:
  world: world
  x: 9485.5
  y: 63.0
  z: 9918.5
  yaw: 91.0865
  pitch: -0.31684673
logoutlocation:
  world: world
  x: 9481.882760893764
  y: 63.0
  z: 9886.90779379043
  yaw: -174.30542
  pitch: 15.977844
