timestamps:
  login: 1377335257653
  logout: 1377335355922
ipAddress: 92.144.194.40
lastlocation:
  world: world
  x: 9485.5
  y: 63.0
  z: 9918.5
  yaw: 166.98654
  pitch: -4.516847
logoutlocation:
  world: world
  x: 9494.312780486336
  y: 63.0
  z: 9910.67241341616
  yaw: -335.06433
  pitch: -2.8668962
