timestamps:
  login: 1378049388610
  logout: 1378049514635
ipAddress: 82.251.95.43
lastlocation:
  world: world
  x: 9475.548525294162
  y: 49.5
  z: 9735.80665038649
  yaw: 266.85364
  pitch: 13.092014
logoutlocation:
  world: world
  x: 9485.5
  y: 63.0
  z: 9918.5
  yaw: 91.0865
  pitch: -0.31684673
