timestamps:
  login: 1378146641630
  logout: 1378146675410
ipAddress: 96.23.139.6
lastlocation:
  world: world
  x: 9485.5
  y: 63.0
  z: 9918.5
  yaw: 91.0865
  pitch: -0.31684673
logoutlocation:
  world: world
  x: 9481.300000011921
  y: 63.0
  z: 9866.228939262059
  yaw: 135.45335
  pitch: 7.2551026
