timestamps:
  login: 1377003426467
  logout: 1377003571002
ipAddress: 77.204.83.194
lastlocation:
  world: world
  x: 9454.279926235567
  y: 48.0
  z: 9747.717716195595
  yaw: 9.499786
  pitch: 1.7999946
logoutlocation:
  world: world
  x: 9485.5
  y: 63.0
  z: 9918.5
  yaw: 91.0865
  pitch: -0.31684673
