lastlocation:
  world: world
  x: 9193.5
  y: 90.0
  z: 9550.5
  yaw: -353.66324
  pitch: 90.0
timestamps:
  login: 1376391495396
  logout: 1376391551206
ipAddress: 90.20.177.147
logoutlocation:
  world: world
  x: 9194.055889881916
  y: 89.10408037809304
  z: 9573.334820254926
  yaw: 175.95
  pitch: 3.750002
