timestamps:
  login: 1377805955288
  logout: 1377806002541
ipAddress: 81.241.31.71
lastlocation:
  world: world
  x: 9484.17033844246
  y: 63.0
  z: 9918.230073893284
  yaw: 217.68657
  pitch: 2.0831525
logoutlocation:
  world: world
  x: 9491.397285001636
  y: 63.0
  z: 9884.370046572289
  yaw: 356.13623
  pitch: -0.016820213
