lastlocation:
  world: world
  x: 9487.3158703092
  y: 63.0
  z: 9828.323332233756
  yaw: 346.92944
  pitch: -4.6236186
timestamps:
  login: 1378038958603
  logout: 1378038969632
ipAddress: 195.36.184.251
logoutlocation:
  world: world
  x: 9492.400421254604
  y: 63.0
  z: 9903.245979692305
  yaw: 181.23828
  pitch: 3.593608
