timestamps:
  login: 1376506335658
  logout: 1376506346085
ipAddress: 92.143.250.224
lastlocation:
  world: world
  x: 9485.5
  y: 63.0
  z: 9918.5
  yaw: 216.03644
  pitch: 3.8831537
logoutlocation:
  world: world
  x: 9483.432648868971
  y: 63.0
  z: 9913.506451956
  yaw: 132.33652
  pitch: 2.2331533
