timestamps:
  login: 1376429545583
  logout: 1376429587640
ipAddress: 177.133.204.136
lastlocation:
  world: world
  x: 9482.300000011921
  y: 63.0
  z: 9912.412243553705
  yaw: 89.88635
  pitch: 40.93311
logoutlocation:
  world: world
  x: 9485.5
  y: 63.0
  z: 9918.5
  yaw: 91.0865
  pitch: -0.31684673
