timestamps:
  login: 1377459991236
  logout: 1377460047388
ipAddress: 189.84.115.62
lastlocation:
  world: world
  x: 9485.500370165886
  y: 63.0
  z: 9918.480403495952
  yaw: 91.0865
  pitch: -0.46684673
logoutlocation:
  world: world
  x: 9484.18763828045
  y: 63.0
  z: 9902.373441060976
  yaw: -9.41345
  pitch: 18.883154
