timestamps:
  login: 1377794382084
  logout: 1377794733994
ipAddress: 2.13.205.86
lastlocation:
  world: world
  x: 9410.906855860962
  y: 54.5
  z: 9712.039589329557
  yaw: -120.70093
  pitch: 7.649994
logoutlocation:
  world: world
  x: 9485.5
  y: 63.0
  z: 9918.5
  yaw: 91.0865
  pitch: -0.31684673
