lastlocation:
  world: world
  x: 9193.5
  y: 90.0
  z: 9550.5
  yaw: -353.66324
  pitch: 88.126144
timestamps:
  login: 1376335034206
  logout: 1376335146486
ipAddress: 93.30.104.187
logoutlocation:
  world: world
  x: 9193.918204421869
  y: 89.0
  z: 9576.633533996881
  yaw: 12.117621
  pitch: 3.7477276
