lastlocation:
  world: world
  x: 9482.942771866461
  y: 63.0
  z: 9912.615590729814
  yaw: 97.98651
  pitch: 3.2831502
timestamps:
  login: 1378113240292
  logout: 1378113296492
ipAddress: 88.169.110.47
logoutlocation:
  world: world
  x: 9481.314289142436
  y: 63.0
  z: 9912.74172624818
  yaw: 170.4369
  pitch: 86.1
