lastlocation:
  world: world
  x: 9193.5
  y: 90.0
  z: 9550.5
  yaw: -353.66324
  pitch: 90.0
timestamps:
  login: 1376389670105
  logout: 1376389695353
ipAddress: 77.30.51.61
logoutlocation:
  world: world
  x: 9193.571719697075
  y: 89.0
  z: 9576.121287814962
  yaw: 3.1104126
  pitch: 1.3113022E-6
