timestamps:
  login: 1376727586773
  logout: 1376727663883
ipAddress: 88.174.54.46
lastlocation:
  world: world
  x: 9471.895835639822
  y: -1387.624001135662
  z: 9750.55950254753
  yaw: 236.43587
  pitch: -89.87508
logoutlocation:
  world: world
  x: 9485.5
  y: 63.0
  z: 9918.5
  yaw: 91.0865
  pitch: -0.31684673
