timestamps:
  login: 1377631017287
  logout: 1377631921381
ipAddress: 82.64.181.76
lastlocation:
  world: world
  x: 9477.122788119274
  y: 54.0
  z: 9751.24214107983
  yaw: -297.6648
  pitch: 9.899332
logoutlocation:
  world: world
  x: 9485.476269090548
  y: 63.0
  z: 9918.51062280126
  yaw: 129.56183
  pitch: -4.816885
