timestamps:
  login: 1377527188359
  logout: 1377527286813
ipAddress: 74.56.26.123
lastlocation:
  world: world
  x: 9455.814814735251
  y: 51.0
  z: 9778.772059845438
  yaw: -23.850712
  pitch: -0.3569307
logoutlocation:
  world: world
  x: 9485.5
  y: 63.0
  z: 9918.5
  yaw: 91.0865
  pitch: -0.31684673
