timestamps:
  login: 1377736421351
  logout: 1377736521218
ipAddress: 189.74.197.203
lastlocation:
  world: world
  x: 9433.344361589303
  y: 52.0
  z: 9783.183336976868
  yaw: -198.3931
  pitch: -0.28561613
logoutlocation:
  world: world
  x: 9485.5
  y: 63.0
  z: 9918.5
  yaw: 91.0865
  pitch: -0.31684673
