lastlocation:
  world: world
  x: 9193.5
  y: 90.0
  z: 9550.5
  yaw: -353.62897
  pitch: 88.389786
timestamps:
  login: 1376364636382
  logout: 1376364697023
ipAddress: 159.0.221.32
logoutlocation:
  world: world
  x: 9193.459944479875
  y: 88.67447100913547
  z: 9575.199999988079
  yaw: -0.068523265
  pitch: -0.6166816
