timestamps:
  login: 1377585252864
  logout: 1377585282615
ipAddress: 86.72.213.50
lastlocation:
  world: world
  x: 9485.5
  y: 63.0
  z: 9918.5
  yaw: 89.8865
  pitch: -1.5168468
logoutlocation:
  world: world
  x: 9483.059912298066
  y: 63.0
  z: 9913.987975923676
  yaw: 231.18651
  pitch: 7.9331546
