timestamps:
  login: 1377602775033
  logout: 1377602776269
ipAddress: 31.35.119.124
lastlocation:
  world: world
  x: 9485.5
  y: 63.0
  z: 9918.5
  yaw: 92.24662
  pitch: -0.64830923
logoutlocation:
  world: world
  x: 9483.557202510863
  y: 63.0
  z: 9813.120226368297
  yaw: -174.24918
  pitch: 8.301179
