timestamps:
  login: 1376691088049
  logout: 1376691211638
ipAddress: 94.97.53.105
lastlocation:
  world: world
  x: 9391.418433833342
  y: 68.0
  z: 9908.547910351721
  yaw: 256.2904
  pitch: 90.0
logoutlocation:
  world: world
  x: 9485.5
  y: 63.0
  z: 9918.5
  yaw: 91.0865
  pitch: -0.31684673
