timestamps:
  login: 1376707551117
  logout: 1376707602535
ipAddress: 189.27.88.6
lastlocation:
  world: world
  x: 9485.5
  y: 64.24918707874468
  z: 9918.5
  yaw: 37.236507
  pitch: -43.516846
logoutlocation:
  world: world
  x: 9503.697969875831
  y: 63.0
  z: 9833.659478007974
  yaw: -209.51347
  pitch: 11.68315
