timestamps:
  login: 1376741178590
  logout: 1376741377778
ipAddress: 82.127.88.90
lastlocation:
  world: world
  x: 9398.126161495002
  y: 63.0
  z: 9883.088160141655
  yaw: -8.509328
  pitch: 15.074364
logoutlocation:
  world: world
  x: 9488.487367671123
  y: 63.0
  z: 9834.456596308963
  yaw: -14.663422
  pitch: -1.199924
