timestamps:
  login: 1376741117389
  logout: 1376741327488
ipAddress: 82.127.88.90
lastlocation:
  world: world
  x: 9386.367993216405
  y: 63.0
  z: 9919.536109199313
  yaw: -113.99801
  pitch: 15.75721
logoutlocation:
  world: world
  x: 9384.300000011921
  y: 62.0
  z: 9867.300000011921
  yaw: -202.12042
  pitch: 18.415163
