timestamps:
  login: 1378209748544
  logout: 1378209771494
ipAddress: 85.26.53.186
lastlocation:
  world: world
  x: 9485.5
  y: 63.0
  z: 9918.5
  yaw: 91.0865
  pitch: -0.31684673
logoutlocation:
  world: world
  x: 9491.961069036688
  y: 63.0
  z: 9860.270492796706
  yaw: 182.88654
  pitch: -4.966849
