lastlocation:
  world: world
  x: 9193.5
  y: 90.0
  z: 9550.5
  yaw: -353.66324
  pitch: 90.0
timestamps:
  login: 1376410568767
  logout: 1376410560875
ipAddress: 78.205.72.46
logoutlocation:
  world: world
  x: 9193.115943299146
  y: 89.0
  z: 9576.568393550833
  yaw: -5.999861
  pitch: 5.249976
