timestamps:
  login: 1377481158839
  logout: 1377481207682
ipAddress: 189.55.188.56
lastlocation:
  world: world
  x: 9443.733399813404
  y: 51.0
  z: 9791.346119998354
  yaw: 260.14838
  pitch: 11.856008
logoutlocation:
  world: world
  x: 9485.5
  y: 63.0
  z: 9918.5
  yaw: 91.0865
  pitch: -0.31684673
