timestamps:
  login: 1378225458278
  logout: 1378225478788
ipAddress: 89.94.57.241
lastlocation:
  world: world
  x: 9485.433404438198
  y: 63.0
  z: 9918.428104043007
  yaw: 137.19405
  pitch: -6.5104017
logoutlocation:
  world: world
  x: 9491.26225227533
  y: 63.0
  z: 9855.22114588476
  yaw: 179.86055
  pitch: -13.162745
