timestamps:
  login: 1376500759658
  logout: 1376500785616
ipAddress: 86.215.141.91
lastlocation:
  world: world
  x: 9485.5
  y: 63.0
  z: 9918.5
  yaw: 178.08652
  pitch: 14.833154
logoutlocation:
  world: world
  x: 9494.442268822213
  y: 63.0
  z: 9813.794296780414
  yaw: 22.086517
  pitch: 38.850002
