timestamps:
  login: 1378215993819
  logout: 1378216005907
ipAddress: 187.58.251.239
lastlocation:
  world: world
  x: 9485.5
  y: 63.0
  z: 9918.5
  yaw: 91.0865
  pitch: -0.31684673
logoutlocation:
  world: world
  x: 9492.64372056103
  y: 63.0
  z: 9906.391947038011
  yaw: 18.486567
  pitch: -23.26685
