lastlocation:
  world: world
  x: 9193.5
  y: 90.0
  z: 9550.5
  yaw: -354.88116
  pitch: 89.30402
timestamps:
  login: 1376319480466
  logout: 1376319484142
ipAddress: 2.6.130.232
logoutlocation:
  world: world
  x: 9193.084265529318
  y: 89.0
  z: 9577.418887151922
  yaw: -12.527722
  pitch: 6.0897765
