timestamps:
  login: 1378285480665
  logout: 1378285481869
ipAddress: 78.226.156.196
lastlocation:
  world: world
  x: 9485.5
  y: 63.0
  z: 9918.5
  yaw: 91.0865
  pitch: -0.31684673
logoutlocation:
  world: world
  x: 9506.699999988079
  y: 63.0
  z: 9903.510694477416
  yaw: 274.34534
  pitch: 6.190172
