timestamps:
  login: 1376792840614
  logout: 1376792930443
ipAddress: 187.3.233.64
lastlocation:
  world: world
  x: 9485.5
  y: 63.0
  z: 9918.5
  yaw: 91.0865
  pitch: -0.31684673
logoutlocation:
  world: world
  x: 9491.211932988277
  y: 63.0
  z: 9900.567225694203
  yaw: 186.83157
  pitch: 3.3790967
