timestamps:
  login: 1377932569836
  logout: 1377932709514
ipAddress: 86.198.163.92
lastlocation:
  world: world
  x: 9391.300000011921
  y: 52.0
  z: 9740.782855578102
  yaw: 259.0712
  pitch: 65.19627
logoutlocation:
  world: world
  x: 9485.5
  y: 63.0
  z: 9918.5
  yaw: 91.0865
  pitch: -0.31684673
