timestamps:
  login: 1378295715797
  logout: 1378295813037
ipAddress: 78.238.70.126
lastlocation:
  world: world
  x: 9480.713164393143
  y: 55.166109260938214
  z: 9745.021592655085
  yaw: -206.90279
  pitch: 23.210575
logoutlocation:
  world: world
  x: 9485.5
  y: 63.0
  z: 9918.5
  yaw: 91.0865
  pitch: -0.31684673
