timestamps:
  login: 1377499320890
  logout: 1377499340904
ipAddress: 82.216.82.75
lastlocation:
  world: world
  x: 9485.5
  y: 63.0
  z: 9918.5
  yaw: 91.0865
  pitch: -0.31684673
logoutlocation:
  world: world
  x: 9482.506082133259
  y: 63.0
  z: 9903.750232076847
  yaw: 97.086525
  pitch: 34.333153
