timestamps:
  login: 1377460537198
  logout: 1377461075031
ipAddress: 86.75.129.243
lastlocation:
  world: world
  x: 9485.76582585985
  y: 55.73584067272827
  z: 9736.478403525596
  yaw: 125.388824
  pitch: 63.829308
logoutlocation:
  world: world
  x: 9482.485287677886
  y: 63.0
  z: 9912.788138402007
  yaw: -25.722492
  pitch: 17.625013
