timestamps:
  login: 1377788586620
  logout: 1377789592618
ipAddress: 2.13.205.86
lastlocation:
  world: world
  x: 9449.720906877106
  y: 60.26636799395752
  z: 9727.631259306245
  yaw: -37.834106
  pitch: 5.8955793
logoutlocation:
  world: world
  x: 9485.494121048134
  y: 63.0
  z: 9918.499888950224
  yaw: 91.0865
  pitch: -0.31684673
