lastlocation:
  world: world
  x: 9396.869199647881
  y: 63.0
  z: 9911.295328510474
  yaw: -86.78144
  pitch: -0.60000026
timestamps:
  login: 1376425722538
  logout: 1376425840218
ipAddress: 177.156.65.229
logoutlocation:
  world: world
  x: 9485.5
  y: 63.0
  z: 9918.5
  yaw: 91.0865
  pitch: -0.31684673
