timestamps:
  login: 1376994418017
  logout: 1376994574154
ipAddress: 176.45.228.54
lastlocation:
  world: world
  x: 9483.637278065251
  y: 63.0
  z: 9912.534418113446
  yaw: 84.186554
  pitch: 3.300014
logoutlocation:
  world: world
  x: 9485.5
  y: 63.0
  z: 9918.5
  yaw: 91.0865
  pitch: -0.31684673
