lastlocation:
  world: world
  x: 9458.230787669056
  y: 48.0
  z: 9755.444588222854
  yaw: 80.67983
  pitch: 18.115192
timestamps:
  login: 1377611458110
  logout: 1377611493023
ipAddress: 82.227.52.113
logoutlocation:
  world: world
  x: 9485.5
  y: 63.0
  z: 9918.5
  yaw: 91.0865
  pitch: -0.31684673
