timestamps:
  login: 1378222723436
  logout: 1378222963239
ipAddress: 81.56.110.242
lastlocation:
  world: world
  x: 9471.496627545304
  y: 54.0
  z: 9750.336368223958
  yaw: 41.75
  pitch: -0.750015
logoutlocation:
  world: world
  x: 9485.5
  y: 63.0
  z: 9918.5
  yaw: 91.0865
  pitch: -0.31684673
