lastlocation:
  world: world
  x: 9193.5
  y: 90.0
  z: 9550.5
  yaw: -353.66324
  pitch: 90.0
timestamps:
  login: 1376302747379
  logout: 1376302758006
ipAddress: 201.8.87.91
logoutlocation:
  world: world
  x: 9193.42965861531
  y: 89.0
  z: 9577.388798062533
  yaw: 357.90027
  pitch: 35.850018
