timestamps:
  login: 1376517839134
  logout: 1376517970958
ipAddress: 189.35.98.139
lastlocation:
  world: world
  x: 9389.854303211358
  y: 68.0
  z: 9913.394540767491
  yaw: -226.79797
  pitch: 25.807213
logoutlocation:
  world: world
  x: 9485.5
  y: 63.0
  z: 9918.5
  yaw: 91.0865
  pitch: -0.31684673
