timestamps:
  login: 1377850858222
  logout: 1377850903633
ipAddress: 86.193.48.168
lastlocation:
  world: world
  x: 9485.5
  y: 63.0
  z: 9918.5
  yaw: 91.0865
  pitch: -0.31684673
logoutlocation:
  world: world
  x: 9483.944028046615
  y: 63.0
  z: 9876.843818504194
  yaw: -5.213684
  pitch: -5.2668524
