timestamps:
  login: 1377985729850
  logout: 1377985756540
ipAddress: 75.152.5.98
lastlocation:
  world: world
  x: 9485.5
  y: 63.0
  z: 9918.5
  yaw: 91.0865
  pitch: -0.31684673
logoutlocation:
  world: world
  x: 9492.789059547906
  y: 63.0
  z: 9911.774851522187
  yaw: -1.1635762
  pitch: 12.883148
