timestamps:
  login: 1377680385978
  logout: 1377680483865
ipAddress: 82.126.18.133
lastlocation:
  world: world
  x: 9428.770403162021
  y: 60.0
  z: 9788.488854392597
  yaw: 324.86115
  pitch: 60.899986
logoutlocation:
  world: world
  x: 9485.5
  y: 63.0
  z: 9918.5
  yaw: 91.0865
  pitch: -0.31684673
