timestamps:
  login: 1377071872429
  logout: 1377072181859
ipAddress: 41.213.186.182
lastlocation:
  world: world
  x: 9481.52351143557
  y: 63.0
  z: 9823.239523172137
  yaw: -143.06343
  pitch: 1.5000272
logoutlocation:
  world: world
  x: 9490.950415989155
  y: 63.0
  z: 9906.229542004077
  yaw: -15.863522
  pitch: 6.5999956
