timestamps:
  login: 1377788648737
  logout: 1377789560086
ipAddress: 78.200.156.33
lastlocation:
  world: world
  x: 9445.300000011921
  y: 48.0
  z: 9741.601067154794
  yaw: -234.83003
  pitch: 9.262177
logoutlocation:
  world: world
  x: 9485.5
  y: 63.0
  z: 9918.5
  yaw: 91.0865
  pitch: -0.31684673
