timestamps:
  login: 1376871697329
  logout: 1376872096079
ipAddress: 67.191.48.140
lastlocation:
  world: world
  x: 9406.243649910988
  y: 63.0
  z: 9896.733781291992
  yaw: 99.40686
  pitch: 90.0
logoutlocation:
  world: world
  x: 9485.5
  y: 63.0
  z: 9918.5
  yaw: 91.0865
  pitch: -0.31684673
