lastlocation:
  world: world
  x: 9193.5
  y: 90.0
  z: 9550.5
  yaw: -346.90482
  pitch: 90.0
timestamps:
  login: 1376410456023
  logout: 1376410471737
ipAddress: 78.246.219.188
logoutlocation:
  world: world
  x: 9194.874791833876
  y: 89.0
  z: 9577.539367366026
  yaw: 41.28145
  pitch: 1.5263946
