lastlocation:
  world: world
  x: 9193.5
  y: 89.0
  z: 9550.5
  yaw: 277.09467
  pitch: 50.678387
timestamps:
  login: 1376151270840
  logout: 1376151312799
ipAddress: 90.1.14.168
logoutlocation:
  world: world
  x: 9193.5
  y: 95.0
  z: 9550.5
  yaw: 263.24902
  pitch: 66.24598
