timestamps:
  login: 1378215631707
  logout: 1378215665781
ipAddress: 79.82.40.13
lastlocation:
  world: world
  x: 9485.5
  y: 63.0
  z: 9918.5
  yaw: 91.0865
  pitch: -0.31684673
logoutlocation:
  world: world
  x: 9486.116652759983
  y: 63.0
  z: 9851.733066174535
  yaw: 191.73845
  pitch: 10.183146
