timestamps:
  login: 1376677646305
  logout: 1376677727720
ipAddress: 177.205.32.215
lastlocation:
  world: world
  x: 9485.5
  y: 63.0
  z: 9918.5
  yaw: 91.0865
  pitch: -0.31684673
logoutlocation:
  world: world
  x: 9483.586780662925
  y: 63.0
  z: 9813.560246816016
  yaw: -5.063446
  pitch: 15.283142
