timestamps:
  login: 1377784591499
  logout: 1377784586138
ipAddress: 82.252.216.127
lastlocation:
  world: world
  x: 9461.530480324425
  y: 49.24918707874468
  z: 9737.072555558721
  yaw: 52.400703
  pitch: -0.48479143
logoutlocation:
  world: world
  x: 9485.47463169694
  y: 63.0
  z: 9918.502383189742
  yaw: 76.23651
  pitch: 0.28315327
