lastlocation:
  world: world
  x: 9193.5
  y: 90.0
  z: 9550.5
  yaw: -353.66324
  pitch: 90.0
timestamps:
  login: 1376391363259
  logout: 1376391389573
ipAddress: 1.123.171.55
logoutlocation:
  world: world
  x: 9193.186874787907
  y: 89.0
  z: 9578.079826192654
  yaw: -8.399966
  pitch: 12.899984
