timestamps:
  login: 1376424960785
  logout: 1376424999766
ipAddress: 88.179.136.20
lastlocation:
  world: world
  x: 9396.243544550895
  y: 63.0
  z: 9910.962548371124
  yaw: -257.1811
  pitch: 12.382778
logoutlocation:
  world: world
  x: 9485.5
  y: 63.0
  z: 9918.5
  yaw: 91.0865
  pitch: -0.31684673
