lastlocation:
  world: world
  x: 9193.5
  y: 90.0
  z: 9550.5
  yaw: 262.7643
  pitch: 16.615183
timestamps:
  login: 1376157943544
  logout: 1376158062683
ipAddress: 82.236.205.202
logoutlocation:
  world: world
  x: 9499.368491655749
  y: -1.799999952316284
  z: 10002.619902465189
  yaw: 46.799816
  pitch: -74.70001
