timestamps:
  login: 1377631386887
  logout: 1377632144625
ipAddress: 79.85.98.55
lastlocation:
  world: world
  x: 9410.758779764441
  y: 54.0
  z: 9740.467494225353
  yaw: 276.94965
  pitch: -38.437202
logoutlocation:
  world: world
  x: 9485.5
  y: 63.0
  z: 9918.5
  yaw: 91.0865
  pitch: -0.31684673
