timestamps:
  login: 1377602478604
  logout: 1377602501091
ipAddress: 80.200.71.113
lastlocation:
  world: world
  x: 9485.567745820294
  y: 63.0
  z: 9918.044760031595
  yaw: 145.91092
  pitch: 15.2817335
logoutlocation:
  world: world
  x: 9487.645456450815
  y: 63.0
  z: 9901.483469818737
  yaw: -72.469215
  pitch: 13.684695
