timestamps:
  login: 1376707555665
  logout: 1376707607563
ipAddress: 177.140.237.223
lastlocation:
  world: world
  x: 9478.928618049724
  y: 54.0
  z: 9747.774510051371
  yaw: -350.48483
  pitch: 3.8568182
logoutlocation:
  world: world
  x: 9485.5
  y: 63.0
  z: 9918.5
  yaw: 91.0865
  pitch: -0.31684673
