timestamps:
  login: 1376410864954
  logout: 1376410910494
ipAddress: 88.169.137.246
lastlocation:
  world: world
  x: 9246.5
  y: -1.6860000133514401
  z: 9799.5
  yaw: 0.0
  pitch: 0.0
logoutlocation:
  world: world
  x: 9204.121596861061
  y: 88.0
  z: 9550.029072539774
  yaw: 98.73678
  pitch: 2.100005
