timestamps:
  login: 1377960552886
  logout: 1377960590217
ipAddress: 82.242.28.219
lastlocation:
  world: world
  x: 9454.365667734148
  y: 49.04327946157955
  z: 9750.450336667074
  yaw: -39.0524
  pitch: 90.0
logoutlocation:
  world: world
  x: 9485.5
  y: 63.0
  z: 9918.5
  yaw: 91.0865
  pitch: -0.31684673
