lastlocation:
  world: world
  x: 9470.99552118351
  y: 54.0
  z: 9752.124102799937
  yaw: 123.13327
  pitch: 9.65428
timestamps:
  login: 1376508217605
  logout: 1376508452055
ipAddress: 90.34.81.246
logoutlocation:
  world: world
  x: 9485.5
  y: 63.0
  z: 9918.5
  yaw: 91.0865
  pitch: -0.31684673
