timestamps:
  login: 1376597946355
  logout: 1376597965347
ipAddress: 89.89.61.191
lastlocation:
  world: world
  x: 9450.259566400131
  y: 60.0
  z: 9738.647726649137
  yaw: -61.284786
  pitch: 11.356802
logoutlocation:
  world: world
  x: 9485.5
  y: 63.0
  z: 9918.5
  yaw: 91.0865
  pitch: -0.31684673
