timestamps:
  login: 1376681813358
  logout: 1376681961056
ipAddress: 2.10.206.94
lastlocation:
  world: world
  x: 9393.328252909427
  y: 64.02213764316228
  z: 9893.248837120575
  yaw: 230.87631
  pitch: 18.585611
logoutlocation:
  world: world
  x: 9433.9381832265
  y: 64.0
  z: 9893.082211478082
  yaw: -298.07672
  pitch: 1.3643585
