timestamps:
  login: 1376994418017
  logout: 1376994778183
ipAddress: 109.215.237.90
lastlocation:
  world: world
  x: 9431.747407661935
  y: 54.0
  z: 9756.301517301543
  yaw: 155.44844
  pitch: 7.0559893
logoutlocation:
  world: world
  x: 9485.5
  y: 63.0
  z: 9918.5
  yaw: 91.0865
  pitch: -0.31684673
