lastlocation:
  world: world
  x: 9193.5
  y: 90.0
  z: 9550.5
  yaw: 356.69873
  pitch: 25.48799
timestamps:
  login: 1376164085975
  logout: 1376164153388
ipAddress: 78.233.229.31
logoutlocation:
  world: world
  x: 9213.567486913193
  y: 88.0
  z: 9550.51732028337
  yaw: 88.79974
  pitch: 5.2500153
