timestamps:
  login: 1377960501698
  logout: 1377960657868
ipAddress: 82.228.118.58
lastlocation:
  world: world
  x: 9395.470707546874
  y: 52.0
  z: 9718.711310342218
  yaw: -290.93494
  pitch: 12.706791
logoutlocation:
  world: world
  x: 9486.208741621267
  y: 63.0
  z: 9912.756486333243
  yaw: -344.06348
  pitch: 11.083159
