timestamps:
  login: 1377813629434
  logout: 1377813733145
ipAddress: 82.252.17.248
lastlocation:
  world: world
  x: 9436.248733288285
  y: 54.0
  z: 9755.606745628224
  yaw: 0.7696335
  pitch: 3.369587
logoutlocation:
  world: world
  x: 9450.259566400131
  y: 60.0
  z: 9738.647726649137
  yaw: -61.284786
  pitch: 11.356802
