timestamps:
  login: 1378112756286
  logout: 1378112817690
ipAddress: 2.10.52.23
lastlocation:
  world: world
  x: 9484.664663291906
  y: 64.00133597911214
  z: 9912.745523385958
  yaw: 264.7866
  pitch: 11.083141
logoutlocation:
  world: world
  x: 9482.413342239832
  y: 63.0
  z: 9916.182616252585
  yaw: 155.58533
  pitch: 23.98316
