timestamps:
  login: 1376493760077
  logout: 1376493969071
ipAddress: 80.200.203.207
lastlocation:
  world: world
  x: 9466.876167112387
  y: 54.0
  z: 9748.180348975284
  yaw: -217.96283
  pitch: 38.974213
logoutlocation:
  world: world
  x: 9494.752906353955
  y: 63.0
  z: 9914.063235762018
  yaw: 309.84552
  pitch: 16.93821
