lastlocation:
  world: world
  x: 9194.280359731498
  y: 90.0
  z: 9553.690122450516
  yaw: 180.71356
  pitch: 34.53685
timestamps:
  login: 1376181704175
  lastteleport: 1376172579585
  logout: 1376181710700
ipAddress: 189.63.64.49
logoutlocation:
  world: world
  x: 9193.0
  y: 90.0
  z: 9550.0
  yaw: 0.0
  pitch: 0.0
