timestamps:
  login: 1377805961371
  logout: 1377806025253
ipAddress: 92.149.111.223
lastlocation:
  world: world
  x: 9484.211563594701
  y: 63.0
  z: 9918.496561218402
  yaw: 25.686485
  pitch: 5.0831532
logoutlocation:
  world: world
  x: 9487.703590449062
  y: 63.0
  z: 9913.905538135332
  yaw: 240.33669
  pitch: 6.5999923
