timestamps:
  login: 1377862739551
  logout: 1377862790972
ipAddress: 88.181.152.224
lastlocation:
  world: world
  x: 9396.28070923146
  y: 52.0
  z: 9740.495135902273
  yaw: 79.715195
  pitch: 46.7568
logoutlocation:
  world: world
  x: 9485.5
  y: 63.0
  z: 9918.5
  yaw: 91.0865
  pitch: -0.31684673
