timestamps:
  login: 1378030157426
  logout: 1378030980062
ipAddress: 81.240.84.245
lastlocation:
  world: world
  x: 9453.20043691352
  y: 48.0
  z: 9764.902108149352
  yaw: 160.83765
  pitch: 11.88017
logoutlocation:
  world: world
  x: 9485.5
  y: 63.0
  z: 9918.5
  yaw: 91.0865
  pitch: -0.31684673
