lastlocation:
  world: world
  x: 9193.5
  y: 90.0
  z: 9550.5
  yaw: 356.84872
  pitch: 25.48799
timestamps:
  login: 1376160947269
  logout: 1376161026697
ipAddress: 70.52.108.2
logoutlocation:
  world: world
  x: 9192.723195478246
  y: 88.0
  z: 9566.173112051116
  yaw: -0.6003113
  pitch: 10.799975
