timestamps:
  login: 1377898445167
  logout: 1377899224364
ipAddress: 177.97.169.87
lastlocation:
  world: world
  x: 9471.679542813665
  y: 54.76636799395752
  z: 9731.299210184929
  yaw: 18.362549
  pitch: 34.742397
logoutlocation:
  world: world
  x: 9483.8423429296
  y: 63.0
  z: 9912.540459348184
  yaw: 291.63644
  pitch: 2.5331535
