lastlocation:
  world: world
  x: 9193.5
  y: 90.0
  z: 9550.5
  yaw: -353.66324
  pitch: 90.0
timestamps:
  login: 1376334576525
  logout: 1376334618566
ipAddress: 90.38.63.24
logoutlocation:
  world: world
  x: 9193.388125495814
  y: 89.0
  z: 9578.017682519128
  yaw: 0.16875127
  pitch: 9.900088
