lastlocation:
  world: world
  x: 9193.5
  y: 90.0
  z: 9550.5
  yaw: 356.69873
  pitch: 25.48799
timestamps:
  login: 1376170494574
  logout: 1376170620892
ipAddress: 189.26.74.102
logoutlocation:
  world: world
  x: 9202.785910690593
  y: 88.0
  z: 9551.087322196741
  yaw: -104.09996
  pitch: 24.600002
