timestamps:
  login: 1377123409188
  logout: 1377123489889
ipAddress: 5.245.66.126
lastlocation:
  world: world
  x: 9466.992973093948
  y: 48.0
  z: 9736.378671092776
  yaw: -102.522545
  pitch: 14.352881
logoutlocation:
  world: world
  x: 9485.5
  y: 63.0
  z: 9918.5
  yaw: 91.0865
  pitch: -0.31684673
