lastlocation:
  world: world
  x: 9193.5
  y: 90.0
  z: 9550.5
  yaw: -353.66324
  pitch: 90.0
timestamps:
  login: 1376324864523
  logout: 1376324938157
ipAddress: 189.19.125.232
logoutlocation:
  world: world
  x: 9193.13195449722
  y: 89.0
  z: 9577.251853017307
  yaw: 351.72623
  pitch: 1.9247961
