lastlocation:
  world: world
  x: 9193.0
  y: 90.0
  z: 9550.0
  yaw: 0.0
  pitch: 0.0
timestamps:
  login: 1376162520385
  logout: 1376162537470
ipAddress: 177.173.121.210
logoutlocation:
  world: world
  x: 8206.025308118435
  y: -1791.3431865857906
  z: 9714.451440744611
  yaw: 91.349724
  pitch: -90.0
