timestamps:
  login: 1377185398234
  logout: 1377185415449
ipAddress: 109.21.62.239
lastlocation:
  world: world
  x: 9485.367012774337
  y: 63.0
  z: 9917.5632175993
  yaw: 188.58653
  pitch: 0.88315344
logoutlocation:
  world: world
  x: 9489.871171592895
  y: 63.0
  z: 9912.720732660851
  yaw: -192.26373
  pitch: 15.733141
