lastlocation:
  world: world
  x: 9193.5
  y: 90.0
  z: 9550.5
  yaw: -353.66324
  pitch: 90.0
timestamps:
  login: 1376401536332
  logout: 1376401566016
ipAddress: 177.16.81.254
logoutlocation:
  world: world
  x: 9191.719957614616
  y: 88.0
  z: 9543.363233533553
  yaw: -164.10005
  pitch: 18.150026
