lastlocation:
  world: world
  x: 9193.5
  y: 90.0
  z: 9550.5
  yaw: -353.66324
  pitch: 90.0
timestamps:
  login: 1376339281060
  logout: 1376339281260
ipAddress: 82.65.109.187
logoutlocation:
  world: world
  x: 9193.296058146778
  y: 89.0
  z: 9525.109148031092
  yaw: -179.20465
  pitch: 6.965915
