timestamps:
  login: 1378228063469
  logout: 1378228111191
ipAddress: 82.227.27.42
lastlocation:
  world: world
  x: 9453.444771043194
  y: 48.0
  z: 9763.385224392885
  yaw: 357.99756
  pitch: -6.022794
logoutlocation:
  world: world
  x: 9485.5
  y: 63.0
  z: 9918.5
  yaw: 91.0865
  pitch: -0.31684673
