timestamps:
  login: 1377881931192
  logout: 1377882124257
ipAddress: 86.221.219.230
lastlocation:
  world: world
  x: 9431.774104132906
  y: 54.0
  z: 9756.69519326213
  yaw: -265.8344
  pitch: 2.2955632
logoutlocation:
  world: world
  x: 9485.5
  y: 63.0
  z: 9918.5
  yaw: 91.0865
  pitch: -0.31684673
