timestamps:
  login: 1378143634511
  logout: 1378143768811
ipAddress: 2.14.182.80
lastlocation:
  world: world
  x: 9485.5
  y: 63.0
  z: 9918.5
  yaw: 91.0865
  pitch: -0.31684673
logoutlocation:
  world: world
  x: 9481.300000011921
  y: 63.0
  z: 9913.962267845576
  yaw: 94.23645
  pitch: 21.899996
