lastlocation:
  world: world
  x: 9193.5
  y: 90.0
  z: 9550.5
  yaw: 356.69873
  pitch: 25.48799
timestamps:
  login: 1376213195047
  logout: 1376213289188
ipAddress: 93.23.0.123
logoutlocation:
  world: world
  x: 8531.162987061593
  y: -5372.091039233129
  z: 8837.853791202022
  yaw: -49.499985
  pitch: 19.35
