timestamps:
  login: 1377177565599
  logout: 1377177664565
ipAddress: 62.129.184.21
lastlocation:
  world: world
  x: 9435.477270241348
  y: 54.0
  z: 9760.859534526584
  yaw: -5.739204
  pitch: 6.456038
logoutlocation:
  world: world
  x: 9485.5
  y: 63.0
  z: 9918.5
  yaw: 91.0865
  pitch: -0.31684673
