timestamps:
  login: 1378199459345
  logout: 1378199513262
ipAddress: 92.151.1.219
lastlocation:
  world: world
  x: 9444.135390889902
  y: 57.0
  z: 9711.515356402177
  yaw: 24.948315
  pitch: -13.344006
logoutlocation:
  world: world
  x: 9485.5
  y: 63.0
  z: 9918.5
  yaw: 91.0865
  pitch: -0.31684673
