timestamps:
  login: 1378221205903
  logout: 1378221242938
ipAddress: 80.9.135.31
lastlocation:
  world: world
  x: 9485.5
  y: 63.0
  z: 9918.5
  yaw: 89.5865
  pitch: 1.4831532
logoutlocation:
  world: world
  x: 9481.647231688165
  y: 63.0
  z: 9858.403851206089
  yaw: 0.03668213
  pitch: 4.183188
