lastlocation:
  world: world
  x: 9193.5
  y: 90.0
  z: 9550.5
  yaw: 267.2643
  pitch: 18.115183
timestamps:
  login: 1376157915239
  logout: 1376158004778
ipAddress: 86.71.3.227
logoutlocation:
  world: world
  x: 9922.119144571943
  y: -3473.2773883274904
  z: 9675.920237561953
  yaw: 201.74933
  pitch: -65.25
