timestamps:
  login: 1376338163997
  logout: 1376338200600
ipAddress: 82.243.120.219
lastlocation:
  world: world
  x: 8279.5
  y: -1.6860000133514401
  z: 9126.5
  yaw: 0.0
  pitch: 0.0
logoutlocation:
  world: world
  x: 9207.542171381567
  y: 88.0
  z: 9549.679489708067
  yaw: -262.1828
  pitch: 7.453281
