lastlocation:
  world: world
  x: 9193.5
  y: 90.0
  z: 9550.5
  yaw: -353.66324
  pitch: 90.0
timestamps:
  login: 1376337155995
  logout: 1376337172325
ipAddress: 200.203.32.252
logoutlocation:
  world: world
  x: 9218.258582940989
  y: 89.0
  z: 9550.489014852741
  yaw: 270.18094
  pitch: 1.821379
