timestamps:
  login: 1377533735697
  logout: 1377533736918
ipAddress: 89.95.19.28
lastlocation:
  world: world
  x: 9485.5
  y: 63.0
  z: 9918.5
  yaw: 91.0865
  pitch: -0.31684673
logoutlocation:
  world: world
  x: 9493.232971978623
  y: 63.0
  z: 9882.15037736623
  yaw: 78.035866
  pitch: 1.3331758
