timestamps:
  login: 1377609412470
  logout: 1377609448970
ipAddress: 92.138.21.232
lastlocation:
  world: world
  x: 9428.460598833895
  y: 54.0
  z: 9768.750594311497
  yaw: 281.46045
  pitch: 27.842398
logoutlocation:
  world: world
  x: 9485.5
  y: 63.0
  z: 9918.5
  yaw: 91.0865
  pitch: -0.31684673
