timestamps:
  login: 1377134001340
  logout: 1377134040324
ipAddress: 201.75.238.52
lastlocation:
  world: world
  x: 9488.88408619339
  y: 63.0
  z: 9901.309545870334
  yaw: 335.01944
  pitch: -2.5206048
logoutlocation:
  world: world
  x: 9483.300489789139
  y: 63.0
  z: 9884.70102315087
  yaw: -8.234512
  pitch: -12.3235235
