timestamps:
  login: 1377377929324
  logout: 1377378032050
ipAddress: 177.39.189.243
lastlocation:
  world: world
  x: 9431.837929989862
  y: 54.0
  z: 9754.819769274529
  yaw: -99.25147
  pitch: 35.25601
logoutlocation:
  world: world
  x: 9485.5
  y: 63.0
  z: 9918.5
  yaw: 91.0865
  pitch: -0.31684673
