lastlocation:
  world: world
  x: 9193.5
  y: 90.0
  z: 9550.5
  yaw: 266.47562
  pitch: 17.799713
timestamps:
  login: 1376158867707
  logout: 1376158955480
ipAddress: 83.201.247.99
logoutlocation:
  world: world
  x: 9219.684926631648
  y: 89.0
  z: 9550.759218073475
  yaw: 242.2808
  pitch: 9.239627
