timestamps:
  login: 1377448869894
  logout: 1377448909305
ipAddress: 187.78.86.225
lastlocation:
  world: world
  x: 9489.786603870863
  y: 64.16610926093821
  z: 9881.916296245456
  yaw: 359.1364
  pitch: 0.4331431
logoutlocation:
  world: world
  x: 9487.133441278462
  y: 63.0
  z: 9814.593778319377
  yaw: 343.08652
  pitch: 7.3331594
