lastlocation:
  world: world
  x: 9451.500786262262
  y: 63.11398354882155
  z: 9767.786207173316
  yaw: 260.0103
  pitch: -6.057597
timestamps:
  login: 1378129081668
  logout: 1378129993904
ipAddress: 5.48.97.144
logoutlocation:
  world: world
  x: 9488.28817215955
  y: 63.0
  z: 9916.636102651939
  yaw: 239.88655
  pitch: 0.73315233
