lastlocation:
  world: world
  x: 9193.5
  y: 90.0
  z: 9550.5
  yaw: -353.66324
  pitch: 90.0
timestamps:
  login: 1376322904290
  logout: 1376322910443
ipAddress: 189.15.207.177
logoutlocation:
  world: world
  x: 9193.182427969508
  y: 89.0
  z: 9525.424321243787
  yaw: -166.34996
  pitch: 5.850008
