timestamps:
  login: 1377457995088
  logout: 1377458010285
ipAddress: 88.184.213.71
lastlocation:
  world: world
  x: 9486.010897090056
  y: 63.0
  z: 9820.471456881249
  yaw: 338.28647
  pitch: 16.633148
logoutlocation:
  world: world
  x: 9493.022359101351
  y: 63.0
  z: 9884.583027828809
  yaw: 171.03645
  pitch: 23.399998
