lastlocation:
  world: world
  x: 9193.5
  y: 90.0
  z: 9550.5
  yaw: 267.2643
  pitch: 18.115183
timestamps:
  login: 1376156897411
  logout: 1376156963780
ipAddress: 87.231.146.88
logoutlocation:
  world: world
  x: 9198.369545992438
  y: -1.7999999523162855
  z: 8809.597013520968
  yaw: 112.86368
  pitch: 1.7314677
