timestamps:
  login: 1377615719184
  logout: 1377615722627
ipAddress: 201.81.107.237
lastlocation:
  world: world
  x: 9491.170274353612
  y: 63.0
  z: 9813.93362929112
  yaw: -107.51355
  pitch: -1.2168288
logoutlocation:
  world: world
  x: 9485.5
  y: 63.0
  z: 9918.5
  yaw: 91.0865
  pitch: -0.31684673
