timestamps:
  login: 1378142686576
  logout: 1378142700498
ipAddress: 83.153.173.65
lastlocation:
  world: world
  x: 9489.740094925248
  y: 63.0
  z: 9871.54361269317
  yaw: 354.66418
  pitch: 5.232007
logoutlocation:
  world: world
  x: 9487.050629117228
  y: 63.0
  z: 9917.471985395867
  yaw: 251.4449
  pitch: -0.93125165
