lastlocation:
  world: world
  x: 9193.5
  y: 90.0
  z: 9550.5
  yaw: -353.66324
  pitch: 90.0
timestamps:
  login: 1376315333405
  logout: 1376315379235
ipAddress: 201.89.213.139
logoutlocation:
  world: world
  x: 9216.347628272357
  y: 89.0
  z: 9550.36060951693
  yaw: -87.60006
  pitch: -0.60001034
