timestamps:
  login: 1376644033375
  logout: 1376644294191
ipAddress: 87.67.29.60
lastlocation:
  world: world
  x: 9461.456153466113
  y: -14809.674275602601
  z: 9797.224791922625
  yaw: -114.70264
  pitch: 28.200008
logoutlocation:
  world: world
  x: 9485.5
  y: 63.0
  z: 9918.5
  yaw: 91.0865
  pitch: -0.31684673
