timestamps:
  login: 1378290977192
  logout: 1378291042462
ipAddress: 82.234.54.88
lastlocation:
  world: world
  x: 9482.113764823442
  y: 63.0
  z: 9912.466421687068
  yaw: -257.51538
  pitch: 0.300089
logoutlocation:
  world: world
  x: 9486.35701652643
  y: 63.0
  z: 9918.507403316908
  yaw: 125.88655
  pitch: 14.533148
