timestamps:
  login: 1378115774231
  logout: 1378116220117
ipAddress: 86.207.90.11
lastlocation:
  world: world
  x: 9408.034905702152
  y: 60.0
  z: 9776.57201991376
  yaw: 296.9104
  pitch: 10.7424
logoutlocation:
  world: world
  x: 9485.5
  y: 63.0
  z: 9918.5
  yaw: 91.0865
  pitch: -0.31684673
