lastlocation:
  world: world
  x: 9193.5
  y: 90.0
  z: 9550.5
  yaw: -353.66324
  pitch: 90.0
timestamps:
  login: 1376319760226
  logout: 1376319763860
ipAddress: 88.164.28.239
logoutlocation:
  world: world
  x: 9193.855932503917
  y: 89.0
  z: 9524.505178366564
  yaw: 169.35027
  pitch: 9.900012
