lastlocation:
  world: world
  x: 9193.0
  y: 92.0
  z: 9550.0
  yaw: 0.0
  pitch: 0.0
timestamps:
  login: 1376336751013
  logout: 1376337060568
ipAddress: 90.1.171.77
logoutlocation:
  world: world
  x: 9193.545308276493
  y: 89.0
  z: 9577.804418431928
  yaw: 5.6999536
  pitch: 11.250005
