timestamps:
  login: 1377632642661
  logout: 1377632710299
ipAddress: 89.226.227.51
lastlocation:
  world: world
  x: 9465.244665296388
  y: 48.0
  z: 9759.482291378099
  yaw: -81.08485
  pitch: -3.7931979
logoutlocation:
  world: world
  x: 9485.5
  y: 63.0
  z: 9918.5
  yaw: 91.0865
  pitch: -0.31684673
