lastlocation:
  world: world
  x: 9434.699999988079
  y: 71.0
  z: 9909.726409963314
  yaw: -349.97818
  pitch: 28.800009
timestamps:
  login: 1376694751566
  logout: 1376694918928
ipAddress: 201.25.54.7
logoutlocation:
  world: world
  x: 9485.5
  y: 63.0
  z: 9918.5
  yaw: 91.0865
  pitch: -0.31684673
