timestamps:
  login: 1377382748429
  logout: 1377382933748
ipAddress: 187.7.188.83
lastlocation:
  world: world
  x: 9416.095091303101
  y: 60.0
  z: 9779.161765834162
  yaw: -273.9527
  pitch: 8.227198
logoutlocation:
  world: world
  x: 9485.5
  y: 63.0
  z: 9918.5
  yaw: 91.0865
  pitch: -0.31684673
