lastlocation:
  world: world
  x: 9406.657688436462
  y: -394.46842238906754
  z: 9756.152224513009
  yaw: 260.81082
  pitch: -89.549995
timestamps:
  login: 1376769470278
  logout: 1376769515383
  lastteleport: 1376168003879
ipAddress: 187.78.84.13
logoutlocation:
  world: world
  x: 9485.5
  y: 63.0
  z: 9918.5
  yaw: 91.0865
  pitch: -0.31684673
