timestamps:
  login: 1377757798379
  logout: 1377757847434
ipAddress: 109.221.189.253
lastlocation:
  world: world
  x: 9443.177278253317
  y: 54.0
  z: 9759.349175466272
  yaw: -84.79324
  pitch: 2.5405617
logoutlocation:
  world: world
  x: 9485.5
  y: 63.0
  z: 9918.5
  yaw: 91.0865
  pitch: -0.31684673
