timestamps:
  login: 1377995558473
  logout: 1377995634131
ipAddress: 96.125.203.254
lastlocation:
  world: world
  x: 9431.787901437094
  y: 54.0
  z: 9756.390759961052
  yaw: 154.39844
  pitch: 5.7059894
logoutlocation:
  world: world
  x: 9484.37860209151
  y: 63.0
  z: 9915.010415490398
  yaw: 72.936554
  pitch: 1.1831545
