timestamps:
  login: 1378138750841
  logout: 1378138779996
ipAddress: 2.1.241.180
lastlocation:
  world: world
  x: 9494.259071400309
  y: 63.0
  z: 9876.999906621837
  yaw: 359.58664
  pitch: 13.033149
logoutlocation:
  world: world
  x: 9487.20654305253
  y: 63.0
  z: 9881.041503674736
  yaw: 176.28659
  pitch: 6.883153
