lastlocation:
  world: world
  x: 9193.0
  y: 92.0
  z: 9550.0
  yaw: 0.0
  pitch: 0.0
timestamps:
  login: 1378065144565
  logout: 1378065158167
ipAddress: 177.42.165.210
logoutlocation:
  world: world
  x: 9236.577375773566
  y: 90.0
  z: 9550.52873833693
  yaw: 262.05
  pitch: 5.9999638
