lastlocation:
  world: world
  x: 9193.5
  y: 90.0
  z: 9550.5
  yaw: -353.66324
  pitch: 90.0
timestamps:
  login: 1378046028021
  logout: 1378040979883
ipAddress: 88.139.251.143
logoutlocation:
  world: world
  x: 9167.77327684036
  y: 89.0
  z: 9550.282146495185
  yaw: 82.34994
  pitch: 27.14999
