lastlocation:
  world: world
  x: 9193.0
  y: 92.0
  z: 9550.0
  yaw: 0.0
  pitch: 0.0
timestamps:
  login: 1378050763929
  logout: 1378051053795
ipAddress: 90.0.133.12
logoutlocation:
  world: world
  x: 9237.815708319802
  y: 90.0
  z: 9550.523053822597
  yaw: -91.119385
  pitch: 55.249916
