lastlocation:
  world: world
  x: 9193.5
  y: 90.0
  z: 9550.5
  yaw: -353.66324
  pitch: 88.049995
timestamps:
  login: 1377899519136
  logout: 1377899544688
ipAddress: 177.157.30.36
logoutlocation:
  world: world
  x: 9193.196172474247
  y: 88.62413534127953
  z: 9508.814120712614
  yaw: -175.49988
  pitch: -3.600041
