lastlocation:
  world: world
  x: 9193.603038706453
  y: 89.0
  z: 9524.204147975966
  yaw: 178.88788
  pitch: 22.266003
timestamps:
  login: 1378145901900
  logout: 1378145906150
ipAddress: 178.193.220.180
logoutlocation:
  world: world
  x: 9193.603038706453
  y: 89.0
  z: 9524.204147975966
  yaw: 358.88788
  pitch: 22.266003
