lastlocation:
  world: world
  x: 9193.0
  y: 92.0
  z: 9550.0
  yaw: 0.0
  pitch: 0.0
timestamps:
  login: 1378127491293
  logout: 1378127502327
ipAddress: 188.53.60.217
logoutlocation:
  world: world
  x: 9193.147596887244
  y: 89.0
  z: 9506.698484211305
  yaw: -168.3033
  pitch: 23.909044
