lastlocation:
  world: world
  x: 9193.5
  y: 90.0
  z: 9550.5
  yaw: -353.66324
  pitch: 90.0
timestamps:
  login: 1377805658545
  logout: 1377805688344
ipAddress: 86.69.0.130
logoutlocation:
  world: world
  x: 9183.790199405872
  y: 88.0
  z: 9550.87952539953
  yaw: 86.95235
  pitch: -11.378514
