lastlocation:
  world: world
  x: 9193.5
  y: 90.0
  z: 9550.5
  yaw: -353.66324
  pitch: 90.0
timestamps:
  login: 1377768599772
  logout: 1377768688115
ipAddress: 78.242.77.53
logoutlocation:
  world: world
  x: 9221.362549886224
  y: 89.791494272418
  z: 9548.539882616109
  yaw: 126.79578
  pitch: 13.14183
