lastlocation:
  world: world
  x: 9193.5
  y: 90.0
  z: 9550.5
  yaw: -353.66324
  pitch: 90.0
timestamps:
  login: 1378136027812
  logout: 1378136006743
ipAddress: 109.13.215.37
logoutlocation:
  world: world
  x: 9176.738165700808
  y: 88.0
  z: 9550.546960055653
  yaw: -89.79767
  pitch: 12.928752
