lastlocation:
  world: world
  x: 9193.0
  y: 92.0
  z: 9550.0
  yaw: 0.0
  pitch: 0.0
timestamps:
  login: 1377967062440
  logout: 1377967146210
ipAddress: 88.173.252.5
logoutlocation:
  world: world
  x: 9168.595439782559
  y: 89.0
  z: 9550.649898238496
  yaw: 94.650055
  pitch: 21.299976
