lastlocation:
  world: world
  x: 9195.59896686435
  y: 90.0
  z: 9551.504898855215
  yaw: 93.75228
  pitch: 21.801577
timestamps:
  login: 1379429913365
  logout: 1379429972574
ipAddress: 82.230.236.27
logoutlocation:
  world: world
  x: 9200.508913597801
  y: 97.20000004768372
  z: 9542.172403377259
  yaw: 40.80017
  pitch: -0.29999736
