lastlocation:
  world: world
  x: 9193.0
  y: 92.0
  z: 9550.0
  yaw: 0.0
  pitch: 0.0
timestamps:
  login: 1377887436227
  logout: 1377887494581
ipAddress: 77.200.36.204
logoutlocation:
  world: world
  x: 9167.961510245334
  y: 89.0
  z: 9550.53090204408
  yaw: -266.4874
  pitch: 38.69543
