lastlocation:
  world: world
  x: 9193.5
  y: 90.0
  z: 9550.5
  yaw: -353.66324
  pitch: 90.0
timestamps:
  login: 1377704280915
  logout: 1377704407426
ipAddress: 86.71.114.192
logoutlocation:
  world: world
  x: 9193.643720845068
  y: 89.0
  z: 9507.24851862059
  yaw: -181.98401
  pitch: 8.705571
