lastlocation:
  world: world
  x: 9167.003635503428
  y: 89.0
  z: 9549.94264689767
  yaw: 98.70262
  pitch: 11.100007
timestamps:
  login: 1378579200104
  logout: 1378579274342
ipAddress: 83.198.151.221
logoutlocation:
  world: world
  x: 9207.699999988079
  y: 97.20000004768372
  z: 9551.390736446552
  yaw: 235.5027
  pitch: 73.65004
