lastlocation:
  world: world
  x: 9193.361474075939
  y: 89.0
  z: 9507.112656710626
  yaw: 2.4987946
  pitch: 10.6081705
timestamps:
  login: 1379166869438
  logout: 1379166880440
ipAddress: 92.152.60.29
logoutlocation:
  world: world
  x: 9193.361474075939
  y: 89.0
  z: 9507.112656710626
  yaw: 2.4987946
  pitch: 10.6081705
