lastlocation:
  world: world
  x: 9193.877406464278
  y: 89.0
  z: 9506.98746571663
  yaw: 24.153162
  pitch: 28.551577
timestamps:
  login: 1378640319263
  logout: 1378640329975
ipAddress: 90.37.155.129
logoutlocation:
  world: world
  x: 9193.877406464278
  y: 89.0
  z: 9506.98746571663
  yaw: 204.15317
  pitch: 28.551577
