lastlocation:
  world: world
  x: 9193.5
  y: 90.0
  z: 9550.5
  yaw: -353.66324
  pitch: 90.0
timestamps:
  login: 1378050495766
  logout: 1378050510490
ipAddress: 81.250.2.194
logoutlocation:
  world: world
  x: 9194.16589856309
  y: 92.20000004768372
  z: 9551.449474479447
  yaw: -264.80637
  pitch: 43.30557
