lastlocation:
  world: world
  x: 9192.764012295438
  y: 88.0
  z: 9535.45600637248
  yaw: -18.60083
  pitch: -90.0
timestamps:
  login: 1377973061427
  logout: 1377973064177
  lastteleport: 1377961649843
ipAddress: 78.125.186.212
logoutlocation:
  world: world
  x: 9193.56173853569
  y: 89.0
  z: 9524.311705621167
  yaw: -275.36472
  pitch: 89.700005
