lastlocation:
  world: world
  x: 9193.0
  y: 92.0
  z: 9550.0
  yaw: 1.1309199
  pitch: 3.39276
timestamps:
  login: 1378034453536
  logout: 1378034489769
ipAddress: 109.222.207.160
logoutlocation:
  world: world
  x: 9198.361667891091
  y: 89.0
  z: 9552.913354286557
  yaw: -13.365423
  pitch: 14.228352
