lastlocation:
  world: world
  x: 9167.026708499774
  y: 89.0
  z: 9550.41582956501
  yaw: 273.00223
  pitch: 8.901574
timestamps:
  login: 1378488932359
  logout: 1378489040030
ipAddress: 81.53.137.40
logoutlocation:
  world: world
  x: 9177.308058509165
  y: 88.0
  z: 9550.461331212808
  yaw: -90.447784
  pitch: 20.601572
