timestamps:
  login: 1377951125212
  logout: 1377951199757
ipAddress: 81.64.40.62
lastlocation:
  world: world
  x: 8222.5
  y: -1.6860000133514401
  z: 8894.5
  yaw: 0.0
  pitch: 0.0
logoutlocation:
  world: world
  x: 9193.50226487835
  y: 89.0
  z: 9577.559521027057
  yaw: -5.8133545
  pitch: 46.2
