lastlocation:
  world: world
  x: 9193.5
  y: 90.0
  z: 9550.5
  yaw: -353.66324
  pitch: 90.0
timestamps:
  login: 1377813781091
  logout: 1377813794778
ipAddress: 90.9.242.56
logoutlocation:
  world: world
  x: 9165.84182363444
  y: 89.0
  z: 9552.369709030885
  yaw: -160.12209
  pitch: 34.05001
