lastlocation:
  world: world
  x: 9193.0
  y: 92.0
  z: 9550.0
  yaw: 0.0
  pitch: 0.0
timestamps:
  login: 1378131790123
  logout: 1378131805976
ipAddress: 95.176.121.107
logoutlocation:
  world: world
  x: 9197.800000011921
  y: 89.5
  z: 9550.842684831727
  yaw: 91.5001
  pitch: 7.3499928
