lastlocation:
  world: world
  x: 9193.5
  y: 90.0
  z: 9550.5
  yaw: -353.66324
  pitch: 90.0
timestamps:
  login: 1377975530397
  logout: 1377975614592
ipAddress: 90.6.79.143
logoutlocation:
  world: world
  x: 9193.176941627224
  y: 88.0
  z: 9542.744624069068
  yaw: -25.8432
  pitch: 1.8431996
