lastlocation:
  world: world
  x: 9193.662241470047
  y: 89.97462706170093
  z: 9596.894597473392
  yaw: 191.25256
  pitch: 14.699998
timestamps:
  login: 1378150169750
  logout: 1378150232959
ipAddress: 109.16.2.56
logoutlocation:
  world: world
  x: 9193.662241470047
  y: 89.97462706170093
  z: 9596.894597473392
  yaw: 11.252563
  pitch: 14.699998
