lastlocation:
  world: world
  x: 9193.0
  y: 92.0
  z: 9550.0
  yaw: 0.0
  pitch: 0.0
timestamps:
  login: 1378061069020
  logout: 1378061109581
ipAddress: 92.130.62.80
logoutlocation:
  world: world
  x: 9168.977136382417
  y: 89.0
  z: 9550.807558289165
  yaw: 97.81964
  pitch: 22.350052
