lastlocation:
  world: world
  x: 9193.5
  y: 90.0
  z: 9550.5
  yaw: -353.66324
  pitch: 90.0
timestamps:
  login: 1378046916213
  logout: 1378046926666
ipAddress: 88.173.1.94
logoutlocation:
  world: world
  x: 9192.68001638589
  y: 88.0
  z: 9589.025651619284
  yaw: -28.73816
  pitch: 5.0187407
