lastlocation:
  world: world
  x: 9193.5
  y: 90.0
  z: 9550.5
  yaw: -353.66324
  pitch: 90.0
timestamps:
  login: 1377813421276
  logout: 1377813459330
ipAddress: 82.252.17.248
logoutlocation:
  world: world
  x: 9198.650744133061
  y: 88.0
  z: 9557.111345568826
  yaw: 52.87686
  pitch: 4.3008075
