lastlocation:
  world: world
  x: 9193.0
  y: 92.0
  z: 9550.0
  yaw: 0.0
  pitch: 0.0
timestamps:
  login: 1378147477945
  logout: 1378147559470
ipAddress: 84.23.205.21
logoutlocation:
  world: world_the_end
  x: -5.8575340897941395
  y: 30.178212313759037
  z: -70.51438137342642
  yaw: -192.77005
  pitch: -16.800016
