lastlocation:
  world: world
  x: 9193.198518659272
  y: 89.0155550727022
  z: 9596.871762276887
  yaw: 181.80182
  pitch: 11.751542
timestamps:
  login: 1378309195706
  logout: 1378309280358
ipAddress: 82.251.170.144
logoutlocation:
  world: world
  x: 9193.198518659272
  y: 89.0155550727022
  z: 9596.871762276887
  yaw: 1.8018188
  pitch: 11.751542
