lastlocation:
  world: world
  x: 9193.5
  y: 90.0
  z: 9550.5
  yaw: -357.0965
  pitch: 90.0
timestamps:
  login: 1377764974850
  logout: 1377765107729
ipAddress: 85.169.239.17
logoutlocation:
  world: world
  x: 9148.426803045179
  y: 88.5
  z: 9550.35742501188
  yaw: -274.72327
  pitch: -6.0082226
