lastlocation:
  world: world
  x: 9195.59896686435
  y: 90.0
  z: 9551.504898855215
  yaw: 93.75228
  pitch: 21.801577
timestamps:
  login: 1378684766987
  logout: 1378684769264
ipAddress: 173.178.171.84
logoutlocation:
  world: world
  x: 9195.5
  y: 90.0
  z: 9551.5
  yaw: 89.402275
  pitch: 19.701574
