lastlocation:
  world: world
  x: 9193.5
  y: 90.0
  z: 9550.5
  yaw: -353.1077
  pitch: 89.86112
timestamps:
  login: 1377544297639
  logout: 1377544348599
ipAddress: 90.40.107.17
logoutlocation:
  world: world
  x: 9170.069928414656
  y: 88.5
  z: 9550.815103937182
  yaw: 263.5911
  pitch: 11.387975
