lastlocation:
  world: world
  x: 9193.5
  y: 90.0
  z: 9550.5
  yaw: -353.66324
  pitch: 90.0
timestamps:
  login: 1377788446716
  logout: 1377788521988
ipAddress: 95.176.111.4
logoutlocation:
  world: world
  x: 9194.31830329273
  y: 88.0
  z: 9564.23894176701
  yaw: 177.59984
  pitch: 1.499998
