lastlocation:
  world: world
  x: 9195.5
  y: 90.0
  z: 9551.5
  yaw: 97.80229
  pitch: 23.901579
timestamps:
  login: 1378224284239
  logout: 1378224409889
ipAddress: 88.180.157.8
logoutlocation:
  world: world
  x: 9172.892859006462
  y: 88.0
  z: 9550.891078927485
  yaw: 87.00226
  pitch: 0.6515776
