lastlocation:
  world: world
  x: 9193.345279773657
  y: 89.0
  z: 9523.99511306952
  yaw: 185.96417
  pitch: 9.117117
timestamps:
  login: 1378572978583
  logout: 1378573053705
ipAddress: 81.48.76.121
logoutlocation:
  world: world
  x: 9193.544405269826
  y: 88.0
  z: 9537.428341759321
  yaw: 0.1265564
  pitch: -6.9878902
