lastlocation:
  world: world
  x: 9167.030812864412
  y: 89.0
  z: 9549.910510839985
  yaw: 140.8082
  pitch: 52.61111
timestamps:
  login: 1378899793328
  logout: 1378899980527
ipAddress: 46.16.37.237
logoutlocation:
  world: world
  x: 9200.38010176923
  y: 88.86943151284359
  z: 9523.95918761901
  yaw: 30.892303
  pitch: -0.7611506
