lastlocation:
  world: world
  x: 9193.0
  y: 92.0
  z: 9550.0
  yaw: 0.0
  pitch: 0.0
timestamps:
  login: 1378113010226
  logout: 1378113080734
ipAddress: 90.6.79.143
logoutlocation:
  world: world
  x: 9151.329158353894
  y: 88.0
  z: 9549.587797693775
  yaw: -80.4864
  pitch: 14.428805
