timestamps:
  login: 1377973556280
  logout: 1377973559595
ipAddress: 84.7.55.18
lastlocation:
  world: world
  x: 9193.0
  y: 92.0
  z: 9550.0
  yaw: 0.0
  pitch: 0.0
logoutlocation:
  world: world
  x: 9193.019054036517
  y: 88.0
  z: 9594.614867936303
  yaw: 171.98761
  pitch: 0.15382624
