lastlocation:
  world: world_the_end
  x: 19.5
  y: 61.0
  z: 26.5
  yaw: 276.81622
  pitch: -2.160019
timestamps:
  login: 1378146262407
  logout: 1378146271316
ipAddress: 31.39.239.58
logoutlocation:
  world: world_the_end
  x: 19.495025971055245
  y: 66.61463400578373
  z: 26.0
  yaw: -196.608
  pitch: -11.356802
