lastlocation:
  world: world
  x: 9193.5
  y: 90.0
  z: 9550.5
  yaw: -353.66324
  pitch: 90.0
timestamps:
  login: 1378054234808
  logout: 1378054445650
ipAddress: 82.244.88.197
logoutlocation:
  world: world
  x: 9192.132670035493
  y: 88.0
  z: 9591.434727818658
  yaw: 204.69788
  pitch: 35.099953
