lastlocation:
  world: world
  x: 9193.5
  y: 90.0
  z: 9550.5
  yaw: -353.66324
  pitch: 90.0
timestamps:
  login: 1378052183966
  logout: 1378052305314
ipAddress: 78.236.10.7
logoutlocation:
  world: world
  x: 9196.51129702778
  y: 91.23981936600332
  z: 9554.898871955955
  yaw: -226.94997
  pitch: 2.999999
