lastlocation:
  world: world
  x: 9195.59896686435
  y: 90.0
  z: 9551.504898855215
  yaw: 93.75228
  pitch: 21.801577
timestamps:
  login: 1378405999951
  logout: 1378406011024
ipAddress: 200.102.71.210
logoutlocation:
  world: world
  x: 9195.5
  y: 90.0
  z: 9551.5
  yaw: 97.202286
  pitch: 21.351576
