lastlocation:
  world: world
  x: 9193.5
  y: 90.0
  z: 9550.5
  yaw: -353.66324
  pitch: 90.0
timestamps:
  login: 1377983137879
  logout: 1377983146779
ipAddress: 96.125.203.254
logoutlocation:
  world: world
  x: 9193.040324322681
  y: 89.0
  z: 9545.497925769288
  yaw: -3.1500854
  pitch: -2.2500072
