lastlocation:
  world: world
  x: 9193.0
  y: 92.0
  z: 9550.0
  yaw: 0.0
  pitch: 0.0
timestamps:
  login: 1378128018508
  logout: 1378128054206
ipAddress: 79.87.144.12
logoutlocation:
  world: world
  x: 9193.218013581598
  y: 89.0
  z: 9525.954227662874
  yaw: 181.70166
  pitch: 4.362898
