lastlocation:
  world: world
  x: 9192.709505535471
  y: 89.1707870772188
  z: 9577.960365645476
  yaw: 4.0522833
  pitch: 5.7516856
timestamps:
  login: 1378575870380
  logout: 1378576019013
ipAddress: 85.201.254.104
logoutlocation:
  world: world
  x: 9192.811414225767
  y: 88.0
  z: 9574.121037523513
  yaw: 182.25218
  pitch: 1.799993
