lastlocation:
  world: world
  x: 9218.91284874747
  y: 89.0
  z: 9550.464760852186
  yaw: -93.05424
  pitch: 33.680447
timestamps:
  login: 1379085633278
  logout: 1379085770566
ipAddress: 88.172.60.114
logoutlocation:
  world: world
  x: 9192.345233057611
  y: 98.04373943533345
  z: 9574.998655132598
  yaw: -336.96375
  pitch: -64.245094
