lastlocation:
  world: world
  x: 9193.5
  y: 90.0
  z: 9550.5
  yaw: -353.66324
  pitch: 90.0
timestamps:
  login: 1378065216900
  logout: 1378065303474
ipAddress: 204.14.77.85
logoutlocation:
  world: world
  x: 9192.773525384317
  y: 89.0
  z: 9524.16099485394
  yaw: -146.09991
  pitch: 3.599968
