lastlocation:
  world: world
  x: 9194.605956856409
  y: 89.0
  z: 9507.090462367163
  yaw: -198.74756
  pitch: 9.351625
timestamps:
  login: 1378557259362
  logout: 1378557391777
ipAddress: 217.15.234.105
logoutlocation:
  world: world
  x: 9194.568649832407
  y: 89.0
  z: 9507.183238933907
  yaw: -23.097557
  pitch: 10.251624
