lastlocation:
  world: world
  x: 9193.009553674376
  y: 90.0
  z: 9550.636692027123
  yaw: -2.6657093
  pitch: 10.662814
timestamps:
  login: 1377595871466
  lastteleport: 1377595911319
  logout: 1377595950932
ipAddress: 2.9.46.212
logoutlocation:
  world: world
  x: 9193.361309586313
  y: 89.1287427353309
  z: 9525.692802030373
  yaw: -177.59589
  pitch: 8.162926
