lastlocation:
  world: world
  x: 9165.90067210199
  y: 89.0
  z: 9550.088243192635
  yaw: 268.7527
  pitch: 19.579527
timestamps:
  login: 1378464443712
  logout: 1378464510302
ipAddress: 78.122.41.239
logoutlocation:
  world: world
  x: 9213.901374650206
  y: 88.0
  z: 9550.769433737338
  yaw: -93.70642
  pitch: 19.718435
