lastlocation:
  world: world
  x: 9218.971858973213
  y: 89.0
  z: 9550.884143608435
  yaw: 276.30286
  pitch: 14.151595
timestamps:
  login: 1378486318123
  logout: 1378486717398
ipAddress: 92.144.86.206
logoutlocation:
  world: world
  x: 9193.457618949964
  y: 93.69191671558391
  z: 9524.098661552634
  yaw: -97.796844
  pitch: 80.100075
