lastlocation:
  world: world
  x: 9219.037586835746
  y: 89.20000004768372
  z: 9550.998039725027
  yaw: 90.81263
  pitch: 19.61777
timestamps:
  login: 1379093480889
  logout: 1379093493752
ipAddress: 87.66.87.43
logoutlocation:
  world: world
  x: 9190.047263271077
  y: 90.0
  z: 9549.920308830717
  yaw: 86.008255
  pitch: 18.245089
