lastlocation:
  world: world
  x: 9193.0
  y: 92.0
  z: 9550.0
  yaw: 0.0
  pitch: 0.0
timestamps:
  login: 1377694110403
  logout: 1377694172914
ipAddress: 90.47.29.93
logoutlocation:
  world: world
  x: 9169.244652259837
  y: 89.0
  z: 9550.353776430771
  yaw: 86.250305
  pitch: 12.750007
