lastlocation:
  world: world
  x: 9193.876735777289
  y: 89.0
  z: 9507.0816654337
  yaw: 192.45172
  pitch: -6.698428
timestamps:
  login: 1378543188259
  logout: 1378543389866
ipAddress: 93.4.233.231
logoutlocation:
  world: world
  x: 9193.876735777289
  y: 89.0
  z: 9507.0816654337
  yaw: 192.45172
  pitch: -6.698428
