lastlocation:
  world: world
  x: 9167.214398007663
  y: 89.0
  z: 9550.010213987138
  yaw: 105.67452
  pitch: -8.945211
timestamps:
  login: 1379510200757
  logout: 1379510239080
ipAddress: 83.114.65.98
logoutlocation:
  world: world
  x: 9236.52790324656
  y: 90.0
  z: 9551.182951860392
  yaw: 91.418915
  pitch: 16.781706
