lastlocation:
  world: world
  x: 9193.5
  y: 90.0
  z: 9550.5
  yaw: -353.66324
  pitch: 90.0
timestamps:
  login: 1377828702296
  logout: 1377828753458
ipAddress: 189.110.137.175
logoutlocation:
  world: world
  x: 9193.209606069471
  y: 89.0
  z: 9596.309520869956
  yaw: 347.84995
  pitch: 16.500013
