lastlocation:
  world: world
  x: 9167.025702936595
  y: 89.0
  z: 9550.369133489536
  yaw: 271.80197
  pitch: 7.199993
timestamps:
  login: 1378307048887
  logout: 1378307372341
ipAddress: 189.29.166.54
logoutlocation:
  world: world
  x: 9193.718293084386
  y: 90.0
  z: 9546.710626286134
  yaw: 268.8018
  pitch: 25.649994
