lastlocation:
  world: world
  x: 9193.670201972553
  y: 89.0
  z: 9579.083486619105
  yaw: 252.1222
  pitch: 48.070526
timestamps:
  login: 1378632358545
  logout: 1378632469354
ipAddress: 212.198.98.22
logoutlocation:
  world: world
  x: 9193.197628449941
  y: 88.0
  z: 9575.960823677875
  yaw: 0.96990967
  pitch: -3.1766584
