lastlocation:
  world: world
  x: 9193.735116968186
  y: 89.0
  z: 9507.039691434738
  yaw: 182.30573
  pitch: 25.113737
timestamps:
  login: 1379152155785
  logout: 1379152248722
ipAddress: 195.36.184.251
logoutlocation:
  world: world
  x: 9193.735116968186
  y: 89.0
  z: 9507.039691434738
  yaw: 182.30573
  pitch: 25.113737
