lastlocation:
  world: world
  x: 9970.01225356886
  y: 90.62865487008371
  z: 10051.517965617135
  yaw: 321.43686
  pitch: 36.84693
timestamps:
  login: 1378560664010
  logout: 1378560669868
  lastteleport: 1378309670885
ipAddress: 88.188.125.170
logoutlocation:
  world: world
  x: 9117.010618953222
  y: 47.00639810674253
  z: 9636.939833953602
  yaw: -29.382715
  pitch: 7.799972
