lastlocation:
  world: world
  x: 9193.5
  y: 90.0
  z: 9550.5
  yaw: -353.66324
  pitch: 90.0
timestamps:
  login: 1377788330583
  logout: 1377788404408
ipAddress: 90.9.242.56
logoutlocation:
  world: world
  x: 9216.150701716984
  y: 88.5
  z: 9549.95839602371
  yaw: -263.38147
  pitch: 17.753628
