lastlocation:
  world: world
  x: 9195.5
  y: 90.0
  z: 9551.5
  yaw: 93.75228
  pitch: 21.801577
timestamps:
  login: 1378561519138
  logout: 1378561580050
ipAddress: 82.233.134.131
logoutlocation:
  world: world
  x: 9219.445624145135
  y: 94.61436063546418
  z: 9549.877595697164
  yaw: 268.37787
  pitch: 8.792213
