lastlocation:
  world: world
  x: 9195.708027952836
  y: 89.0
  z: 9555.536528882289
  yaw: 63.31097
  pitch: 5.6147294
timestamps:
  login: 1377982233677
  logout: 1377982248429
  lastteleport: 1377982069330
ipAddress: 86.204.0.197
logoutlocation:
  world: world
  x: 9163.16489318293
  y: 89.0
  z: 9550.54343037363
  yaw: -90.286224
  pitch: 11.199995
