lastlocation:
  world: world
  x: 9218.995363168106
  y: 89.0
  z: 9551.121364161214
  yaw: 270.90186
  pitch: 15.051594
timestamps:
  login: 1378830038188
  logout: 1378830126005
ipAddress: 2.5.47.246
logoutlocation:
  world: world
  x: 9193.508070527898
  y: 90.0
  z: 9551.713341556
  yaw: 189.30252
  pitch: 16.851633
