lastlocation:
  world: world
  x: 9193.5
  y: 90.0
  z: 9550.5
  yaw: -353.81323
  pitch: 89.399994
timestamps:
  login: 1378139420901
  logout: 1378139426105
ipAddress: 86.75.129.243
logoutlocation:
  world: world
  x: 9238.11769941935
  y: 90.0
  z: 9551.853951275887
  yaw: 88.31956
  pitch: 19.979946
