timestamps:
  login: 1377612726172
  logout: 1377612784593
ipAddress: 186.223.89.67
lastlocation:
  world: world
  x: 9972.5
  y: -1.6860000133514401
  z: 9586.5
  yaw: 0.0
  pitch: 0.0
logoutlocation:
  world: world
  x: 9193.793358938592
  y: 89.0
  z: 9526.243491465057
  yaw: -182.36383
  pitch: 2.850037
