lastlocation:
  world: world
  x: 9193.26911670296
  y: 89.0
  z: 9578.017877113283
  yaw: 183.90158
  pitch: 18.95156
timestamps:
  login: 1378217970892
  logout: 1378218183493
ipAddress: 90.59.222.145
logoutlocation:
  world: world
  x: 9193.512610527896
  y: 90.0
  z: 9548.961143230501
  yaw: 0.7515564
  pitch: 21.951555
