lastlocation:
  world: world
  x: 9193.0
  y: 92.0
  z: 9550.0
  yaw: 0.0
  pitch: 0.0
timestamps:
  login: 1378113071046
  logout: 1378113073196
ipAddress: 90.22.196.62
logoutlocation:
  world: world
  x: 9167.86608850663
  y: 89.0
  z: 9551.249310592324
  yaw: 91.65028
  pitch: 34.049995
