lastlocation:
  world: world
  x: 9193.346165081844
  y: 89.0
  z: 9596.947937802743
  yaw: 281.80722
  pitch: 80.40823
timestamps:
  login: 1378395802151
  logout: 1378395961009
ipAddress: 78.223.128.204
logoutlocation:
  world: world
  x: 9193.346165081844
  y: 89.0
  z: 9596.947937802743
  yaw: 101.80722
  pitch: 80.40823
