lastlocation:
  world: world
  x: 9193.847953679317
  y: 89.0
  z: 9507.08620884391
  yaw: 0.390625
  pitch: 13.084892
timestamps:
  login: 1378395461256
  logout: 1378395465596
ipAddress: 77.193.206.48
logoutlocation:
  world: world
  x: 9193.847953679317
  y: 89.0
  z: 9507.08620884391
  yaw: 0.390625
  pitch: 13.084892
