lastlocation:
  world: world
  x: 9193.5
  y: 90.0
  z: 9550.5
  yaw: -353.66324
  pitch: 90.0
timestamps:
  login: 1377967097384
  logout: 1377967131205
ipAddress: 62.241.94.101
logoutlocation:
  world: world
  x: 9193.187474063352
  y: 89.0
  z: 9524.377017106352
  yaw: 191.25032
  pitch: 5.699989
