lastlocation:
  world: world
  x: 9193.214476583791
  y: 89.0
  z: 9596.909762066105
  yaw: 183.90228
  pitch: 13.551568
timestamps:
  login: 1378541736457
  logout: 1378541819603
ipAddress: 82.238.46.111
logoutlocation:
  world: world
  x: 9193.214476583791
  y: 89.0
  z: 9596.909762066105
  yaw: 3.9022827
  pitch: 13.551568
