lastlocation:
  world: world
  x: 9192.759017627477
  y: 89.0
  z: 9596.912642696187
  yaw: 357.19827
  pitch: 29.939154
timestamps:
  login: 1378395793463
  logout: 1378395923486
ipAddress: 90.25.130.112
logoutlocation:
  world: world
  x: 9192.759017627477
  y: 89.0
  z: 9596.912642696187
  yaw: 357.19827
  pitch: 29.939154
