lastlocation:
  world: world
  x: 9193.125742070271
  y: 89.0
  z: 9578.037601652239
  yaw: 181.01183
  pitch: 11.494113
timestamps:
  login: 1378573548638
  logout: 1378573601247
ipAddress: 89.2.128.90
logoutlocation:
  world: world
  x: 9194.00899704179
  y: 88.0
  z: 9592.053449070527
  yaw: -206.16841
  pitch: 24.233072
