lastlocation:
  world: world
  x: 9166.975512159452
  y: 89.0
  z: 9550.171215287248
  yaw: 271.2205
  pitch: 13.2845335
timestamps:
  login: 1378584227403
  logout: 1378584320367
ipAddress: 81.53.157.215
logoutlocation:
  world: world
  x: 9168.536429313455
  y: 89.0
  z: 9550.186649265246
  yaw: 91.33559
  pitch: 12.018488
