lastlocation:
  world: world
  x: 9193.0
  y: 92.0
  z: 9550.0
  yaw: 0.0
  pitch: 0.0
timestamps:
  login: 1377804609326
  logout: 1377804704704
ipAddress: 201.2.130.74
logoutlocation:
  world: world
  x: 9193.301177130508
  y: 88.0
  z: 9595.688432014475
  yaw: -2.549999
  pitch: 1.800007
