lastlocation:
  world: world
  x: 9193.0
  y: 92.0
  z: 9550.0
  yaw: 0.0
  pitch: 0.0
timestamps:
  login: 1378139856074
  logout: 1378139952154
ipAddress: 86.75.129.243
logoutlocation:
  world: world
  x: 9193.055596983115
  y: 90.0
  z: 9546.733126022695
  yaw: 0.6278519
  pitch: 18.450018
afk: false
