lastlocation:
  world: world
  x: 9193.5
  y: 90.0
  z: 9550.5
  yaw: -353.66324
  pitch: 90.0
timestamps:
  login: 1378137205651
  logout: 1378137359811
ipAddress: 89.83.214.217
logoutlocation:
  world: world
  x: 9193.082135675719
  y: 88.0
  z: 9589.723368291094
  yaw: 185.3999
  pitch: 34.2
