timestamps:
  login: 1377786713200
  logout: 1377786746405
ipAddress: 90.47.56.26
lastlocation:
  world: world
  x: 9193.0
  y: 92.0
  z: 9550.0
  yaw: 0.0
  pitch: 0.0
logoutlocation:
  world: world
  x: 9193.121640698157
  y: 89.0
  z: 9595.93635725138
  yaw: 343.05048
  pitch: -6.44996
