lastlocation:
  world: world
  x: 9193.431073292975
  y: 89.0
  z: 9507.050139892926
  yaw: 188.25237
  pitch: -37.598408
timestamps:
  login: 1379853501861
  logout: 1379853518686
ipAddress: 109.208.231.69
logoutlocation:
  world: world
  x: 9193.431073292975
  y: 89.0
  z: 9507.050139892926
  yaw: 8.25238
  pitch: -37.598408
