lastlocation:
  world: world
  x: 9193.5
  y: 90.0
  z: 9550.5
  yaw: -353.66324
  pitch: 87.12541
timestamps:
  login: 1379262804291
  logout: 1379262808765
ipAddress: 78.246.242.15
logoutlocation:
  world: world
  x: 9195.59896686435
  y: 90.0
  z: 9551.504898855215
  yaw: 93.90228
  pitch: 21.051579
