lastlocation:
  world: world
  x: 9193.0
  y: 92.0
  z: 9550.0
  yaw: 0.0
  pitch: 0.0
timestamps:
  login: 1378129166188
  logout: 1378129178114
ipAddress: 88.122.96.73
logoutlocation:
  world: world
  x: 9148.969265913402
  y: 88.5
  z: 9551.280603332634
  yaw: 104.04773
  pitch: -10.908903
