lastlocation:
  world: world
  x: 9193.0
  y: 92.0
  z: 9550.0
  yaw: 0.0
  pitch: 0.0
timestamps:
  login: 1377676729694
  logout: 1377676736042
ipAddress: 82.250.100.98
logoutlocation:
  world: world
  x: 9193.5
  y: 90.0
  z: 9550.5
  yaw: -353.71948
  pitch: 89.94375
