lastlocation:
  world: world
  x: 9193.66863152167
  y: 89.0
  z: 9507.08497427142
  yaw: -169.13403
  pitch: 31.631886
timestamps:
  login: 1378560980213
  logout: 1378561019918
ipAddress: 82.244.145.99
logoutlocation:
  world: world
  x: 9192.565192142774
  y: 90.0
  z: 9550.054286070128
  yaw: -2.6508098
  pitch: 10.127886
