timestamps:
  login: 1379170083882
  logout: 1379170088218
  lastteleport: 1378223707344
ipAddress: 37.161.22.246
lastlocation:
  world: world
  x: 9195.59896686435
  y: 90.0
  z: 9551.504898855215
  yaw: 93.75228
  pitch: 21.801577
logoutlocation:
  world: world
  x: 9195.59896686435
  y: 90.0
  z: 9551.504898855215
  yaw: 94.366684
  pitch: 21.801577
afk: false
socialspy: false
