lastlocation:
  world: world
  x: 9192.747255888067
  y: 89.25568751628482
  z: 9579.355927306875
  yaw: -0.8977144
  pitch: -2.9484115
timestamps:
  login: 1379350104129
  logout: 1379350138193
ipAddress: 92.135.153.220
logoutlocation:
  world: world
  x: 9192.747255888067
  y: 89.25568751628482
  z: 9579.31949985817
  yaw: -0.8977144
  pitch: -3.0984116
