lastlocation:
  world: world
  x: 9195.59896686435
  y: 90.0
  z: 9551.504898855215
  yaw: 93.75228
  pitch: 14.151578
timestamps:
  login: 1378846518510
  logout: 1378846589212
  lastteleport: 1377972828460
ipAddress: 189.76.31.18
logoutlocation:
  world: world
  x: 9194.10014830707
  y: 90.0
  z: 9551.433857889944
  yaw: 164.85228
  pitch: 64.10156
