lastlocation:
  world: world
  x: 9193.5
  y: 90.0
  z: 9550.5
  yaw: -358.44965
  pitch: 87.65035
timestamps:
  login: 1377980174337
  logout: 1377980182439
ipAddress: 2.14.8.95
logoutlocation:
  world: world
  x: 9195.202392472114
  y: 88.0
  z: 9559.168459403341
  yaw: 156.64513
  pitch: -0.10189061
