lastlocation:
  world: world
  x: 9193.62031774201
  y: 89.0
  z: 9507.051348525716
  yaw: -175.64774
  pitch: 4.7015777
timestamps:
  login: 1379847562151
  logout: 1379847588453
  lastteleport: 1378023505398
ipAddress: 77.193.129.17
logoutlocation:
  world: world
  x: 9193.62031774201
  y: 89.0
  z: 9507.051348525716
  yaw: 4.3522644
  pitch: 4.7015777
