lastlocation:
  world: world
  x: 9218.94038783559
  y: 89.0
  z: 9550.600994312472
  yaw: 134.40105
  pitch: 22.665182
timestamps:
  login: 1378893859221
  logout: 1378893922702
ipAddress: 81.67.41.228
logoutlocation:
  world: world
  x: 9193.62080146724
  y: 88.0
  z: 9575.455253558153
  yaw: 2.270962
  pitch: 5.825074
