lastlocation:
  world: world
  x: 9193.5
  y: 90.0
  z: 9550.5
  yaw: -353.54166
  pitch: 89.63524
timestamps:
  login: 1378558420703
  logout: 1378558457019
ipAddress: 88.136.134.90
logoutlocation:
  world: world
  x: 9193.22850508727
  y: 90.0
  z: 9549.46827234998
  yaw: -289.99445
  pitch: 16.997292
