lastlocation:
  world: world
  x: 9193.5
  y: 90.0
  z: 9550.5
  yaw: -353.66324
  pitch: 89.85
timestamps:
  login: 1377979419728
  logout: 1377979507000
ipAddress: 2.4.181.244
logoutlocation:
  world: world
  x: 9149.86471091483
  y: 88.0
  z: 9550.386575052664
  yaw: -269.40012
  pitch: -16.499975
