lastlocation:
  world: world
  x: 9195.59896686435
  y: 90.0
  z: 9551.504898855215
  yaw: 93.90228
  pitch: 19.101576
timestamps:
  login: 1378484926545
  logout: 1378484984554
ipAddress: 92.131.12.122
logoutlocation:
  world: world
  x: 9195.59896686435
  y: 90.0
  z: 9551.504898855215
  yaw: 93.75228
  pitch: 21.801577
