lastlocation:
  world: world
  x: 9167.147441387226
  y: 89.0
  z: 9550.145894241516
  yaw: 273.75226
  pitch: 40.85165
timestamps:
  login: 1378485888439
  logout: 1378486022250
ipAddress: 86.198.12.94
logoutlocation:
  world: world
  x: 9169.557764499627
  y: 88.5
  z: 9549.825362242338
  yaw: 83.40218
  pitch: 28.85161
