lastlocation:
  world: world
  x: 9193.5
  y: 90.0
  z: 9550.5
  yaw: -353.66324
  pitch: 90.0
timestamps:
  login: 1377470858306
  logout: 1377470969631
ipAddress: 187.57.159.171
logoutlocation:
  world: world
  x: 9193.479675956001
  y: 89.0
  z: 9577.802140588637
  yaw: 135.6005
  pitch: 8.399997
