lastlocation:
  world: world
  x: 9167.000905672709
  y: 89.0
  z: 9549.726893492296
  yaw: 277.00665
  pitch: 4.144951
timestamps:
  login: 1378399047527
  logout: 1378399127206
ipAddress: 92.141.182.171
logoutlocation:
  world: world
  x: 9193.970074368803
  y: 88.0
  z: 9509.746197974946
  yaw: -9.2838745
  pitch: -6.857165
