lastlocation:
  world: world_the_end
  x: 19.409576077717126
  y: 63.0
  z: 26.0
  yaw: -101.376015
  pitch: -1.5456073
timestamps:
  login: 1378293469015
  lastteleport: 1378144839792
  logout: 1378293474765
ipAddress: 31.39.239.58
logoutlocation:
  world: world
  x: 9207.265043805064
  y: 88.0
  z: 9551.047789636177
  yaw: 119.595184
  pitch: 41.481583
