lastlocation:
  world: world
  x: 9193.746006759651
  y: 89.0
  z: 9507.209335691163
  yaw: 177.8515
  pitch: 30.100895
timestamps:
  login: 1378312009713
  logout: 1378312011100
ipAddress: 88.179.70.16
logoutlocation:
  world: world
  x: 9193.671221769877
  y: 89.0
  z: 9508.707601445705
  yaw: 8.351501
  pitch: 32.650898
