lastlocation:
  world: world
  x: 9193.50049914517
  y: 90.0
  z: 9551.701692126571
  yaw: 197.91032
  pitch: 41.075294
timestamps:
  login: 1379102659005
  logout: 1379102664168
ipAddress: 91.182.100.25
logoutlocation:
  world: world
  x: 9195.59896686435
  y: 90.0
  z: 9551.504898855215
  yaw: 93.75228
  pitch: 21.801577
