lastlocation:
  world: world
  x: 9192.661620886463
  y: 88.0
  z: 9565.069018338087
  yaw: 183.70422
  pitch: -6.612111
timestamps:
  login: 1378131119608
  logout: 1378131177896
  lastteleport: 1378123150033
ipAddress: 93.28.100.209
logoutlocation:
  world: world
  x: 9193.692289189517
  y: 85.0
  z: 9486.156915941312
  yaw: -185.04134
  pitch: -23.35232
