lastlocation:
  world: world
  x: 9237.892505989481
  y: 90.0
  z: 9550.586442095017
  yaw: 271.52777
  pitch: 16.67268
timestamps:
  login: 1378142159511
  logout: 1378142290867
ipAddress: 93.28.100.209
logoutlocation:
  world: world
  x: 9237.794540808607
  y: 90.0
  z: 9550.583830418786
  yaw: 91.52777
  pitch: 16.67268
