lastlocation:
  world: world
  x: 9218.935948092683
  y: 89.0
  z: 9551.186487850917
  yaw: 277.99738
  pitch: 30.373335
timestamps:
  login: 1378492360594
  logout: 1378492477996
ipAddress: 89.95.46.119
logoutlocation:
  world: world
  x: 9213.993955669785
  y: 88.0
  z: 9550.823611017178
  yaw: 91.30956
  pitch: 26.228764
