lastlocation:
  world: world
  x: 9193.5
  y: 90.0
  z: 9550.5
  yaw: -354.34256
  pitch: 89.32069
timestamps:
  login: 1378043309690
  logout: 1378043337656
ipAddress: 173.176.29.36
logoutlocation:
  world: world
  x: 9193.0
  y: 90.0
  z: 9550.0
  yaw: -11.038872
  pitch: 14.435448
