lastlocation:
  world: world
  x: 9395.5
  y: -1.0
  z: 9443.5
  yaw: 0.0
  pitch: 0.0
timestamps:
  login: 1377716837843
  logout: 1377716859069
ipAddress: 84.7.127.111
logoutlocation:
  world: world
  x: 9193.746845048483
  y: 88.5
  z: 9556.174168495912
  yaw: -357.71326
  pitch: 10.2
