lastlocation:
  world: world
  x: 9193.0
  y: 92.0
  z: 9550.0
  yaw: 0.0
  pitch: 0.0
timestamps:
  login: 1378135700511
  logout: 1378135773706
ipAddress: 87.66.109.175
logoutlocation:
  world: world
  x: 9188.968090123775
  y: 88.5
  z: 9556.001723362177
  yaw: 95.143745
  pitch: 28.72759
