lastlocation:
  world: world
  x: 9193.5
  y: 90.0
  z: 9550.5
  yaw: -353.66324
  pitch: 90.0
timestamps:
  login: 1377717095380
  logout: 1377717124413
ipAddress: 84.7.127.111
logoutlocation:
  world: world
  x: 9193.71790804841
  y: 88.0
  z: 9557.359883405725
  yaw: 7.800001
  pitch: 6.2999997
