lastlocation:
  world: world
  x: 9193.0
  y: 92.0
  z: 9550.0
  yaw: 0.0
  pitch: 0.0
timestamps:
  login: 1378148812585
  logout: 1378148842539
ipAddress: 79.93.236.69
logoutlocation:
  world: world
  x: 9194.487771727858
  y: 89.0
  z: 9527.25494230285
  yaw: 265.3502
  pitch: -0.44999462
