lastlocation:
  world: world
  x: 9193.59322578834
  y: 89.0
  z: 9507.128534569225
  yaw: -175.45912
  pitch: 29.160757
timestamps:
  login: 1378654939991
  logout: 1378655116016
ipAddress: 77.196.3.45
logoutlocation:
  world: world
  x: 9193.59322578834
  y: 89.0
  z: 9507.128534569225
  yaw: 4.5408783
  pitch: 29.160757
