lastlocation:
  world: world
  x: 9193.5
  y: 90.0
  z: 9550.5
  yaw: -353.66324
  pitch: 89.85
timestamps:
  login: 1377953394799
  logout: 1377953510679
ipAddress: 84.6.182.150
logoutlocation:
  world: world
  x: 9236.408368136135
  y: 90.0
  z: 9550.932627195069
  yaw: 266.25092
  pitch: 15.299979
