lastlocation:
  world: world
  x: 9193.288767477905
  y: 89.0
  z: 9596.991317603486
  yaw: 169.64998
  pitch: 36.299953
timestamps:
  login: 1378640293835
  logout: 1378640294955
ipAddress: 109.14.198.95
afk: false
logoutlocation:
  world: world
  x: 9193.288767477905
  y: 89.0
  z: 9596.991317603486
  yaw: 9.149994
  pitch: 21.899954
