lastlocation:
  world: world
  x: 9193.5
  y: 90.0
  z: 9550.5
  yaw: -352.09457
  pitch: 83.01938
timestamps:
  login: 1377606374440
  logout: 1377606387576
ipAddress: 90.17.6.8
logoutlocation:
  world: world
  x: 9170.562996824117
  y: 88.0
  z: 9550.337552393183
  yaw: -270.19293
  pitch: 1.4902431
