lastlocation:
  world: world
  x: 9193.5
  y: 90.0
  z: 9550.5
  yaw: -352.6132
  pitch: 89.1
timestamps:
  login: 1377859909740
  logout: 1377859952321
ipAddress: 92.138.246.63
logoutlocation:
  world: world
  x: 9193.391622743977
  y: 89.0
  z: 9596.493831393853
  yaw: 358.80002
  pitch: -3.599979
