timestamps:
  login: 1377909302806
  logout: 1377909314260
ipAddress: 201.25.54.7
lastlocation:
  world: world
  x: 9303.5
  y: -1.0
  z: 10474.5
  yaw: 0.0
  pitch: 0.0
logoutlocation:
  world: world
  x: 9174.639418597437
  y: 88.0
  z: 9550.823903692144
  yaw: -267.1132
  pitch: 14.250002
