lastlocation:
  world: world
  x: 9193.5
  y: 90.0
  z: 9550.5
  yaw: -353.66324
  pitch: 90.0
timestamps:
  login: 1378042050888
  logout: 1378042059137
ipAddress: 88.125.48.3
logoutlocation:
  world: world
  x: 9194.692886926614
  y: 86.0
  z: 9483.958463508192
  yaw: 117.29986
  pitch: -14.999976
