lastlocation:
  world: world
  x: 9193.5
  y: 90.0
  z: 9550.5
  yaw: -354.86322
  pitch: 90.0
timestamps:
  login: 1378042652241
  logout: 1378042724652
ipAddress: 41.104.69.49
logoutlocation:
  world: world
  x: 9193.144028670924
  y: 89.05641489515733
  z: 9595.438897323605
  yaw: 353.39874
  pitch: 4.2
