lastlocation:
  world: world
  x: 9193.0
  y: 92.0
  z: 9550.0
  yaw: 0.0
  pitch: 0.0
timestamps:
  login: 1377805720377
  logout: 1377805793737
ipAddress: 189.10.78.198
logoutlocation:
  world: world
  x: 9168.737280531968
  y: 89.0
  z: 9550.659704347441
  yaw: -267.26398
  pitch: 22.118382
