lastlocation:
  world: world
  x: 9193.5
  y: 90.0
  z: 9550.5
  yaw: -353.91367
  pitch: 88.49746
timestamps:
  login: 1377512338499
  logout: 1377512618604
ipAddress: 88.219.67.131
logoutlocation:
  world: world
  x: 9192.197524467141
  y: 90.0
  z: 9549.623661389018
  yaw: 78.96699
  pitch: 14.357589
