lastlocation:
  world: world
  x: 9193.5
  y: 90.0
  z: 9550.5
  yaw: -355.31244
  pitch: 90.0
timestamps:
  login: 1377595474279
  logout: 1377595502648
ipAddress: 92.155.194.199
logoutlocation:
  world: world
  x: 9209.300000011921
  y: 92.79381626815751
  z: 9550.129054474606
  yaw: -268.24374
  pitch: 19.499228
