lastlocation:
  world: world
  x: 9193.5
  y: 90.0
  z: 9550.5
  yaw: -353.66324
  pitch: 90.0
timestamps:
  login: 1377712073975
  logout: 1377712145435
ipAddress: 179.235.214.233
logoutlocation:
  world: world
  x: 9193.79994267429
  y: 89.0
  z: 9524.649397499821
  yaw: 177.7653
  pitch: 1.5745986
