lastlocation:
  world: world
  x: 9237.940133579405
  y: 90.0
  z: 9551.230954682682
  yaw: -91.497765
  pitch: 10.500011
timestamps:
  login: 1379162543371
  logout: 1379162647644
ipAddress: 87.109.98.31
logoutlocation:
  world: world
  x: 9219.364200340691
  y: 90.20000004768372
  z: 9542.823529189554
  yaw: 91.80222
  pitch: 1.16348265E-5
