lastlocation:
  world: world
  x: 9167.168358133953
  y: 89.0
  z: 9550.699999988079
  yaw: 276.62222
  pitch: 5.7296615
timestamps:
  login: 1378895908543
  logout: 1378895982827
ipAddress: 2.90.224.211
logoutlocation:
  world: world
  x: 9145.389394096743
  y: 88.5
  z: 9552.305213820204
  yaw: 115.372795
  pitch: 7.4516478
