lastlocation:
  world: world
  x: 9195.59896686435
  y: 90.0
  z: 9551.504898855215
  yaw: 101.40228
  pitch: 20.601578
timestamps:
  login: 1378314152094
  logout: 1378314211715
ipAddress: 84.101.136.75
logoutlocation:
  world: world
  x: 9195.59896686435
  y: 90.0
  z: 9551.504898855215
  yaw: 93.75228
  pitch: 21.801577
