lastlocation:
  world: world
  x: 9193.0
  y: 92.0
  z: 9550.0
  yaw: 0.0
  pitch: 0.0
timestamps:
  login: 1377960636260
  logout: 1377960729297
ipAddress: 92.130.62.80
logoutlocation:
  world: world
  x: 9192.299172870067
  y: 89.0
  z: 9524.278216371415
  yaw: 212.3963
  pitch: 7.6499743
