lastlocation:
  world: world
  x: 9193.5
  y: 90.0
  z: 9550.5
  yaw: -353.66324
  pitch: 90.0
timestamps:
  login: 1377795653242
  logout: 1377795703275
ipAddress: 2.13.205.86
logoutlocation:
  world: world
  x: 9207.157114105998
  y: 88.0
  z: 9550.773523571534
  yaw: -94.950005
  pitch: 25.049997
