lastlocation:
  world: world
  x: 9195.5
  y: 90.0
  z: 9551.5
  yaw: 94.80229
  pitch: 20.00158
timestamps:
  login: 1378587281873
  logout: 1378587328120
ipAddress: 92.138.135.115
logoutlocation:
  world: world
  x: 9202.412102071103
  y: 90.49064318920136
  z: 9550.459150748764
  yaw: -104.39766
  pitch: -2.7984104
