lastlocation:
  world: world
  x: 9193.5
  y: 90.0
  z: 9550.5
  yaw: -353.66324
  pitch: 90.0
timestamps:
  login: 1378119511653
  logout: 1378119565174
ipAddress: 31.33.180.163
logoutlocation:
  world: world
  x: 9174.78690556272
  y: 88.0
  z: 9549.920632490423
  yaw: -268.50037
  pitch: 17.09999
