lastlocation:
  world: world
  x: 9193.5
  y: 90.0
  z: 9550.5
  yaw: -353.66324
  pitch: 90.0
timestamps:
  login: 1378039706280
  logout: 1378039711687
ipAddress: 188.62.43.105
logoutlocation:
  world: world
  x: 9168.160911083458
  y: 89.0
  z: 9550.509997053836
  yaw: 93.399155
  pitch: 26.383928
