lastlocation:
  world: world
  x: 9193.5
  y: 90.0
  z: 9550.5
  yaw: -353.66324
  pitch: 90.0
timestamps:
  login: 1378148110198
  logout: 1378148202240
ipAddress: 92.161.148.71
logoutlocation:
  world: world
  x: 9171.797088794676
  y: 88.0
  z: 9551.090413700811
  yaw: -56.550446
  pitch: -17.250011
