lastlocation:
  world: world
  x: 9193.637283574742
  y: 90.0
  z: 9552.357302148572
  yaw: 0.299999
  pitch: 45.15001
timestamps:
  login: 1378316547862
  logout: 1378316549470
ipAddress: 83.194.213.233
logoutlocation:
  world: world
  x: 9195.59896686435
  y: 90.0
  z: 9551.504898855215
  yaw: 93.75228
  pitch: 21.651577
