lastlocation:
  world: world
  x: 9192.901162821936
  y: 89.0155550727022
  z: 9577.944381257696
  yaw: -357.14764
  pitch: 7.649991
timestamps:
  login: 1378558483141
  logout: 1378558579594
ipAddress: 78.246.222.185
logoutlocation:
  world: world
  x: 9209.469091747178
  y: 88.0
  z: 9549.300000011921
  yaw: 295.50226
  pitch: 32.69998
