lastlocation:
  world: world
  x: 9193.5
  y: 90.0
  z: 9550.5
  yaw: -353.66324
  pitch: 90.0
timestamps:
  login: 1377712119525
  logout: 1377712157982
ipAddress: 84.99.139.123
logoutlocation:
  world: world
  x: 9181.465318724431
  y: 88.0
  z: 9550.63017314963
  yaw: -93.974884
  pitch: -3.4262686
