lastlocation:
  world: world
  x: 9193.0
  y: 92.0
  z: 9550.0
  yaw: 0.0
  pitch: 0.0
timestamps:
  login: 1377716396931
  logout: 1377716398083
ipAddress: 95.121.234.99
logoutlocation:
  world: world
  x: 9237.186495325941
  y: 90.0
  z: 9550.35227845094
  yaw: 270.0787
  pitch: 34.132298
