lastlocation:
  world: world
  x: 9193.5
  y: 90.0
  z: 9550.5
  yaw: -353.66324
  pitch: 90.0
timestamps:
  login: 1378137890652
  logout: 1378137932904
ipAddress: 109.18.98.90
logoutlocation:
  world: world
  x: 9197.791532597139
  y: 90.0
  z: 9552.13004578281
  yaw: 174.80833
  pitch: 13.104547
