lastlocation:
  world: world
  x: 9193.5
  y: 90.0
  z: 9550.5
  yaw: -353.66324
  pitch: 90.0
timestamps:
  login: 1377964684036
  logout: 1377964735059
ipAddress: 81.240.84.245
logoutlocation:
  world: world
  x: 9193.45462821855
  y: 88.0
  z: 9533.32433531105
  yaw: -181.65001
  pitch: 12.000008
