lastlocation:
  world: world
  x: 9193.593974141353
  y: 89.76106155394477
  z: 9596.842065387567
  yaw: 184.91772
  pitch: 11.580268
timestamps:
  login: 1378296545585
  logout: 1378296645502
ipAddress: 85.169.245.96
logoutlocation:
  world: world
  x: 9193.593974141353
  y: 89.76106155394477
  z: 9596.842065387567
  yaw: 4.9177246
  pitch: 11.580268
