lastlocation:
  world: world
  x: 9193.0
  y: 92.0
  z: 9550.0
  yaw: 0.0
  pitch: 0.0
timestamps:
  login: 1377612012183
  logout: 1377612472062
ipAddress: 109.10.76.208
logoutlocation:
  world: world
  x: 9195.721507194557
  y: 88.0
  z: 9581.096346331755
  yaw: -259.79962
  pitch: 7.4999943
