lastlocation:
  world: world
  x: 9193.5
  y: 90.0
  z: 9550.5
  yaw: -353.66324
  pitch: 90.0
timestamps:
  login: 1377992306481
  logout: 1377992306534
ipAddress: 109.203.233.80
logoutlocation:
  world: world
  x: 9194.271387617911
  y: 86.0
  z: 9484.718052844157
  yaw: 140.40028
  pitch: 7.50001
