lastlocation:
  world: world
  x: 9193.5
  y: 90.0
  z: 9550.5
  yaw: -354.71326
  pitch: 87.9
timestamps:
  login: 1377780868126
  logout: 1377780986743
ipAddress: 187.39.31.102
logoutlocation:
  world: world
  x: 9167.73788032026
  y: 89.0
  z: 9550.85174617602
  yaw: -262.65015
  pitch: 28.950006
