lastlocation:
  world: world
  x: 9193.691054719407
  y: 89.0
  z: 9524.050401917697
  yaw: -179.70435
  pitch: 6.885741
timestamps:
  login: 1379426212267
  logout: 1379426289949
ipAddress: 41.141.132.93
logoutlocation:
  world: world
  x: 9193.259366989754
  y: 88.0
  z: 9529.292905123346
  yaw: -359.85416
  pitch: 19.812767
