lastlocation:
  world: world
  x: 9193.5
  y: 90.0
  z: 9550.5
  yaw: -353.66324
  pitch: 90.0
timestamps:
  login: 1378130667069
  logout: 1378130699988
ipAddress: 82.224.239.87
logoutlocation:
  world: world
  x: 9168.320495782162
  y: 89.0
  z: 9550.480749373177
  yaw: -271.34982
  pitch: 24.15001
