lastlocation:
  world: world
  x: 9167.166706140673
  y: 89.0
  z: 9550.297639778475
  yaw: 273.9609
  pitch: 1.9520187
timestamps:
  login: 1378227846578
  logout: 1378227856685
ipAddress: 77.56.108.32
logoutlocation:
  world: world
  x: 9167.166706140673
  y: 89.0
  z: 9550.297639778475
  yaw: 93.96091
  pitch: 1.9520187
