lastlocation:
  world: world
  x: 9193.5
  y: 90.0
  z: 9550.5
  yaw: -353.66324
  pitch: 90.0
timestamps:
  login: 1378139971296
  logout: 1378140007566
ipAddress: 109.208.216.167
logoutlocation:
  world: world
  x: 9193.4184313134
  y: 89.1303381089104
  z: 9503.08143579636
  yaw: -11.172699
  pitch: 12.339446
