lastlocation:
  world: world
  x: 9193.5
  y: 90.0
  z: 9550.5
  yaw: -354.11322
  pitch: 90.0
timestamps:
  login: 1377959449246
  logout: 1377960065945
ipAddress: 92.104.107.223
logoutlocation:
  world: world
  x: 9193.37571913013
  y: 88.5
  z: 9509.191438574933
  yaw: -177.44983
  pitch: -9.149992
