timestamps:
  login: 1378107378702
  logout: 1378107477933
ipAddress: 85.68.197.138
lastlocation:
  world: world
  x: 9459.5
  y: -1.6860000133514401
  z: 9521.5
  yaw: 0.0
  pitch: 0.0
logoutlocation:
  world: world
  x: 9191.622897113151
  y: 90.0
  z: 9550.456601964308
  yaw: 162.48657
  pitch: 13.1873
