lastlocation:
  world: world
  x: 9167.018937725647
  y: 89.0
  z: 9549.975627197568
  yaw: 88.00916
  pitch: 5.4199038
timestamps:
  login: 1378791392384
  logout: 1378791977085
ipAddress: 89.93.78.254
afk: false
logoutlocation:
  world: world
  x: 9168.950949444266
  y: 89.0
  z: 9550.057282008162
  yaw: -97.8582
  pitch: 44.055256
