lastlocation:
  world: world
  x: 9193.5
  y: 90.0
  z: 9550.5
  yaw: -353.66324
  pitch: 90.0
timestamps:
  login: 1378145760320
  logout: 1378145765924
ipAddress: 2.11.249.166
logoutlocation:
  world: world
  x: 9194.600379410176
  y: 90.0
  z: 9551.510224950376
  yaw: 198.29976
  pitch: 59.400005
