lastlocation:
  world: world
  x: 9193.0
  y: 92.0
  z: 9550.0
  yaw: 0.0
  pitch: 0.0
timestamps:
  login: 1377867464194
  logout: 1377867515808
ipAddress: 90.53.214.33
logoutlocation:
  world: world
  x: 9193.029330624966
  y: 88.0
  z: 9542.173243480136
  yaw: 0.66554785
  pitch: 3.993287
