lastlocation:
  world: world
  x: 9193.5
  y: 90.0
  z: 9550.5
  yaw: -353.66324
  pitch: 90.0
timestamps:
  login: 1378045556084
  logout: 1378045641531
ipAddress: 177.41.68.59
logoutlocation:
  world: world
  x: 9193.352085931516
  y: 90.0
  z: 9550.666700208414
  yaw: 92.06626
  pitch: 20.305704
