lastlocation:
  world: world
  x: 9192.61417959221
  y: 89.42736222235347
  z: 9578.038985950063
  yaw: 183.2634
  pitch: 13.782315
timestamps:
  login: 1378825361973
  logout: 1378825520703
ipAddress: 80.201.125.53
logoutlocation:
  world: world
  x: 9237.818237834188
  y: 96.0
  z: 9552.290120576641
  yaw: 90.03582
  pitch: 56.55166
