lastlocation:
  world: world
  x: 9193.5
  y: 90.0
  z: 9550.5
  yaw: -352.74246
  pitch: 89.53962
timestamps:
  login: 1377956039131
  logout: 1377956058996
ipAddress: 84.102.107.107
logoutlocation:
  world: world
  x: 9186.199933033473
  y: 88.0
  z: 9549.657246395018
  yaw: -104.42692
  pitch: 15.9939575
