lastlocation:
  world: world
  x: 9195.5
  y: 90.0
  z: 9551.5
  yaw: 93.60228
  pitch: 21.801577
timestamps:
  login: 1378235167847
  logout: 1378235191578
ipAddress: 184.163.39.205
logoutlocation:
  world: world
  x: 9168.551787483942
  y: 89.0
  z: 9550.157364110853
  yaw: -163.3477
  pitch: 10.551571
