lastlocation:
  world: world
  x: 9193.0
  y: 92.0
  z: 9550.0
  yaw: 0.0
  pitch: 0.0
timestamps:
  login: 1377884531367
  logout: 1377884508704
ipAddress: 187.79.111.141
logoutlocation:
  world: world
  x: 9193.606756273066
  y: 89.0
  z: 9524.521829355079
  yaw: -182.68785
  pitch: 7.9500165
