lastlocation:
  world: world
  x: 9193.0
  y: 92.0
  z: 9550.0
  yaw: 0.0
  pitch: 0.0
timestamps:
  login: 1377939465008
  logout: 1377939483414
ipAddress: 86.198.163.92
logoutlocation:
  world: world
  x: 9193.049317432786
  y: 89.29247015138708
  z: 9578.699999988079
  yaw: -1.7287855
  pitch: 10.844183
