lastlocation:
  world: world
  x: 9195.5
  y: 90.0
  z: 9551.5
  yaw: 93.75228
  pitch: 21.801577
timestamps:
  login: 1378489178330
  logout: 1378489295086
ipAddress: 92.130.214.117
logoutlocation:
  world: world
  x: 9176.420282084067
  y: 88.0
  z: 9550.505567139891
  yaw: 212.40233
  pitch: 59.601593
