timestamps:
  login: 1378052461425
  logout: 1378052528027
ipAddress: 92.162.164.253
lastlocation:
  world: world
  x: 9193.0
  y: 92.0
  z: 9550.0
  yaw: 0.0
  pitch: 0.0
logoutlocation:
  world: world
  x: 9193.651400640583
  y: 88.8326691743141
  z: 9595.699999988079
  yaw: 9.150024
  pitch: 7.949985
