lastlocation:
  world: world
  x: 9167.081708163809
  y: 89.0
  z: 9550.453031434577
  yaw: 268.78043
  pitch: 5.0626826
timestamps:
  login: 1378489539631
  logout: 1378489600137
ipAddress: 109.12.62.93
logoutlocation:
  world: world
  x: 9139.300000011921
  y: 89.10714525051262
  z: 9551.321823639875
  yaw: 53.81112
  pitch: 5.394183
