timestamps:
  login: 1377793153102
  logout: 1377793191165
ipAddress: 82.65.11.37
lastlocation:
  world: world
  x: 9233.943976186272
  y: 89.0
  z: 9552.755808286072
  yaw: 190.51094
  pitch: 4.5000463
logoutlocation:
  world: world
  x: 9193.0
  y: 92.0
  z: 9550.0
  yaw: 0.0
  pitch: 0.0
