lastlocation:
  world: world
  x: 9193.5
  y: 90.0
  z: 9550.5
  yaw: -353.66324
  pitch: 90.0
timestamps:
  login: 1378118034141
  logout: 1378118584781
ipAddress: 81.243.169.58
logoutlocation:
  world: world
  x: 9193.40682836174
  y: 89.0
  z: 9596.26272401983
  yaw: -3.7248816
  pitch: -8.918407
afk: false
