lastlocation:
  world: world
  x: 9146.616594978168
  y: 89.0
  z: 9549.968488213977
  yaw: 225.44987
  pitch: 15.60002
timestamps:
  login: 1378154561727
  logout: 1378154595928
ipAddress: 187.7.180.9
logoutlocation:
  world: world
  x: 9153.012517449613
  y: 89.0
  z: 9549.857545590132
  yaw: 279.14987
  pitch: 6.6000223
