timestamps:
  login: 1378196743481
  logout: 1378196999082
ipAddress: 78.241.231.140
lastlocation:
  world: world
  x: 9218.870727717673
  y: 89.0
  z: 9550.490480512786
  yaw: 261.33704
  pitch: 35.549988
logoutlocation:
  world: world
  x: 9217.780018593223
  y: 89.0
  z: 9551.16587858654
  yaw: 58.23709
  pitch: -3.750013
