lastlocation:
  world: world
  x: 9193.359612980019
  y: 89.0
  z: 9507.044674847037
  yaw: 180.30292
  pitch: 44.451588
timestamps:
  login: 1378625638155
  logout: 1378625669010
ipAddress: 88.176.228.191
logoutlocation:
  world: world
  x: 9193.359612980019
  y: 89.0
  z: 9507.044674847037
  yaw: 0.30291748
  pitch: 44.451588
