lastlocation:
  world: world
  x: 9193.5
  y: 90.0
  z: 9550.5
  yaw: -353.66324
  pitch: 90.0
timestamps:
  login: 1377801813189
  logout: 1377801890743
ipAddress: 90.50.56.25
logoutlocation:
  world: world
  x: 9193.71133636042
  y: 89.0
  z: 9524.103866233769
  yaw: 173.51016
  pitch: 3.7237856
