lastlocation:
  world: world
  x: 9192.792230328343
  y: 89.0
  z: 9577.99382569308
  yaw: 170.10226
  pitch: 89.85
timestamps:
  login: 1378397289568
  logout: 1378397586684
ipAddress: 109.22.224.141
logoutlocation:
  world: world
  x: 9191.927208256335
  y: 88.0
  z: 9572.925019555312
  yaw: 169.80226
  pitch: 89.7
