lastlocation:
  world: world
  x: 9193.0
  y: 92.0
  z: 9550.0
  yaw: 0.0
  pitch: 0.0
timestamps:
  login: 1377714512081
  logout: 1377714575054
ipAddress: 91.178.159.150
logoutlocation:
  world: world
  x: 9148.300000011921
  y: 88.98716247858957
  z: 9551.110534832504
  yaw: 118.650116
  pitch: -3.7499871
