lastlocation:
  world: world
  x: 9193.5
  y: 90.0
  z: 9550.5
  yaw: -353.66324
  pitch: 90.0
timestamps:
  login: 1377623965936
  logout: 1377624004510
ipAddress: 89.227.199.44
logoutlocation:
  world: world
  x: 9193.64521629392
  y: 88.5
  z: 9509.230001869546
  yaw: -180.3003
  pitch: -7.649978
