lastlocation:
  world: world
  x: 9187.981180000888
  y: 88.0
  z: 9557.325167714009
  yaw: 174.89111
  pitch: 13.349939
timestamps:
  login: 1378964108491
  logout: 1378964112096
ipAddress: 90.37.182.136
logoutlocation:
  world: world
  x: 9195.59896686435
  y: 90.0
  z: 9551.504898855215
  yaw: 94.95229
  pitch: 20.60158
