lastlocation:
  world: world
  x: 9193.5
  y: 90.0
  z: 9550.5
  yaw: -353.66324
  pitch: 90.0
timestamps:
  login: 1377861766299
  logout: 1377861817447
ipAddress: 79.88.93.103
logoutlocation:
  world: world
  x: 9193.413872186426
  y: 89.0
  z: 9507.462107018884
  yaw: -178.16573
  pitch: 11.143735
