lastlocation:
  world: world
  x: 9193.5
  y: 90.0
  z: 9550.5
  yaw: -353.66324
  pitch: 90.0
timestamps:
  login: 1377865782773
  logout: 1377865785072
ipAddress: 79.88.93.103
logoutlocation:
  world: world
  x: 9193.327838351426
  y: 89.0
  z: 9506.956326580685
  yaw: -167.09883
  pitch: -0.06676165
