lastlocation:
  world: world
  x: 9193.5
  y: 90.0
  z: 9550.5
  yaw: -353.8977
  pitch: 89.765526
timestamps:
  login: 1378049532125
  logout: 1378049802348
ipAddress: 82.251.95.43
logoutlocation:
  world: world
  x: 9167.446417365865
  y: 102.20000004768372
  z: 9552.454094011464
  yaw: -280.20294
  pitch: -90.0
