lastlocation:
  world: world
  x: 9193.025790563031
  y: 90.06745760878543
  z: 9577.973457160482
  yaw: 181.65271
  pitch: 7.251572
timestamps:
  login: 1378464410926
  logout: 1378464527805
ipAddress: 86.204.124.57
logoutlocation:
  world: world
  x: 9193.425257216353
  y: 88.0
  z: 9590.76981280302
  yaw: 171.75269
  pitch: 8.151574
