lastlocation:
  world: world
  x: 9167.049164607031
  y: 89.0
  z: 9550.078069840587
  yaw: 261.74268
  pitch: 17.833527
timestamps:
  login: 1378852638237
  logout: 1378852671839
ipAddress: 96.23.139.6
logoutlocation:
  world: world
  x: 9207.685730208428
  y: 88.0
  z: 9550.6230179727
  yaw: -88.885376
  pitch: 29.546387
