lastlocation:
  world: world
  x: 9193.5
  y: 90.0
  z: 9550.5
  yaw: -354.2632
  pitch: 83.85
timestamps:
  login: 1377996532035
  logout: 1377996775611
ipAddress: 75.152.5.98
logoutlocation:
  world: world
  x: 9195.312528667211
  y: 90.0
  z: 9551.6319692694
  yaw: 135.15
  pitch: -0.15002508
