lastlocation:
  world: world
  x: 9195.59896686435
  y: 90.0
  z: 9551.504898855215
  yaw: 93.75228
  pitch: 21.801577
timestamps:
  login: 1379850381660
  logout: 1379850391010
ipAddress: 213.44.45.150
logoutlocation:
  world: world
  x: 9193.572293517092
  y: 89.0
  z: 9545.566361082634
  yaw: 266.75073
  pitch: 31.282768
