lastlocation:
  world: world
  x: 9195.5
  y: 90.0
  z: 9551.5
  yaw: 93.75228
  pitch: 21.801577
timestamps:
  login: 1378217123960
  logout: 1378217145709
ipAddress: 88.173.105.181
logoutlocation:
  world: world
  x: 9221.047971193573
  y: 88.0
  z: 9553.470410254593
  yaw: 26.946474
  pitch: 18.76986
