lastlocation:
  world: world
  x: 9193.5
  y: 90.0
  z: 9550.5
  yaw: -353.66324
  pitch: 90.0
timestamps:
  login: 1377901895390
  logout: 1377901917802
ipAddress: 173.178.231.29
logoutlocation:
  world: world
  x: 9148.198447211676
  y: 89.0
  z: 9550.378139228464
  yaw: 92.84997
  pitch: -4.499998
