timestamps:
  login: 1378121016042
  logout: 1378121116059
ipAddress: 195.36.184.251
lastlocation:
  world: world
  x: 8711.5
  y: -1.6860000133514401
  z: 8682.5
  yaw: -0.6869716
  pitch: 10.674484
logoutlocation:
  world: world
  x: 9193.383264851931
  y: 86.0
  z: 9484.300000011921
  yaw: -176.45631
  pitch: -5.9382124
