lastlocation:
  world: world
  x: 9166.996125431448
  y: 89.0
  z: 9550.084937488113
  yaw: 270.90225
  pitch: 19.401571
timestamps:
  login: 1378916108508
  logout: 1378916189773
ipAddress: 86.217.194.175
logoutlocation:
  world: world
  x: 9193.581330418294
  y: 88.0
  z: 9541.319111106319
  yaw: -6.1477356
  pitch: -39.848423
