lastlocation:
  world: world
  x: 9195.5
  y: 90.0
  z: 9551.5
  yaw: 92.27114
  pitch: 22.965328
timestamps:
  login: 1378916046181
  logout: 1378916104690
ipAddress: 90.63.23.9
logoutlocation:
  world: world
  x: 9195.59896686435
  y: 90.0
  z: 9551.504898855215
  yaw: 93.75228
  pitch: 21.801577
