lastlocation:
  world: world
  x: 9195.5
  y: 90.0
  z: 9551.5
  yaw: 87.00229
  pitch: 20.301577
timestamps:
  login: 1378646065316
  logout: 1378646132992
ipAddress: 81.241.70.34
logoutlocation:
  world: world
  x: 9195.59896686435
  y: 90.0
  z: 9551.504898855215
  yaw: 91.20228
  pitch: 8.451577
