lastlocation:
  world: world
  x: 9193.849246984311
  y: 89.0
  z: 9507.011187192806
  yaw: -170.9974
  pitch: 13.799952
timestamps:
  login: 1378913671056
  logout: 1378913696771
ipAddress: 82.243.85.140
logoutlocation:
  world: world
  x: 9192.834402599252
  y: 96.69506548665788
  z: 9511.353934534189
  yaw: 0.60250515
  pitch: 23.54993
