lastlocation:
  world: world
  x: 9193.5
  y: 90.0
  z: 9550.5
  yaw: -356.9632
  pitch: 88.5
timestamps:
  login: 1378128795405
  logout: 1378128872641
ipAddress: 95.182.207.224
logoutlocation:
  world: world
  x: 9193.327753437808
  y: 89.0
  z: 9507.32148412578
  yaw: 185.84918
  pitch: 6.2999997
