lastlocation:
  world: world
  x: 9193.5
  y: 90.0
  z: 9550.5
  yaw: -353.21326
  pitch: 89.85
timestamps:
  login: 1378140070102
  logout: 1378140073054
ipAddress: 90.17.78.101
logoutlocation:
  world: world
  x: 9186.349824375257
  y: 88.0
  z: 9542.354120395088
  yaw: 300.1606
  pitch: -34.616657
