lastlocation:
  world: world
  x: 9195.5
  y: 90.0
  z: 9551.5
  yaw: 90.15228
  pitch: 21.201578
timestamps:
  login: 1378558532079
  logout: 1378558589597
ipAddress: 90.3.237.115
logoutlocation:
  world: world
  x: 9195.59896686435
  y: 90.0
  z: 9551.504898855215
  yaw: 93.75228
  pitch: 21.801577
