lastlocation:
  world: world
  x: 9193.5
  y: 90.0
  z: 9550.5
  yaw: -353.66324
  pitch: 90.0
timestamps:
  login: 1377789503210
  logout: 1377789582823
ipAddress: 82.230.52.177
logoutlocation:
  world: world
  x: 9179.300000011921
  y: 92.0
  z: 9550.58188586847
  yaw: -44.25
  pitch: -7.3500004
