lastlocation:
  world: world
  x: 9193.0
  y: 92.0
  z: 9550.0
  yaw: 0.0
  pitch: 0.0
timestamps:
  login: 1377896552675
  logout: 1377896713654
ipAddress: 90.56.106.31
logoutlocation:
  world: world
  x: 9197.307957824029
  y: 99.15964837567054
  z: 9551.458189431809
  yaw: -270.84976
  pitch: 14.50784
