timestamps:
  login: 1378196021271
  logout: 1378196141268
ipAddress: 88.169.110.47
lastlocation:
  world: world
  x: 9193.110374325372
  y: 89.0
  z: 9578.05450335284
  yaw: 178.34998
  pitch: 39.749935
logoutlocation:
  world: world
  x: 9206.173411420876
  y: 91.0
  z: 9545.6844338766
  yaw: -178.95049
  pitch: 3.1500208
