lastlocation:
  world: world
  x: 9193.5
  y: 90.0
  z: 9550.5
  yaw: -353.36325
  pitch: 88.799995
timestamps:
  login: 1378114866140
  logout: 1378114922044
ipAddress: 90.17.78.101
logoutlocation:
  world: world
  x: 9192.65903209301
  y: 88.0
  z: 9538.901289249812
  yaw: 5.3999195
  pitch: -4.2000017
