lastlocation:
  world: world
  x: 9166.980568588739
  y: 89.0
  z: 9550.107919498652
  yaw: 270.60205
  pitch: 4.3500032
timestamps:
  login: 1379610683168
  logout: 1379610766130
ipAddress: 88.187.166.11
logoutlocation:
  world: world
  x: 9166.592543711442
  y: 88.0
  z: 9555.616869094247
  yaw: -100.34801
  pitch: -6.299991
