lastlocation:
  world: world
  x: 9194.195261950386
  y: 89.0
  z: 9507.140377127651
  yaw: 4.7996774
  pitch: 24.488716
timestamps:
  login: 1379701901022
  logout: 1379701902872
ipAddress: 86.68.10.200
logoutlocation:
  world: world
  x: 9194.195261950386
  y: 89.0
  z: 9507.140377127651
  yaw: 184.79968
  pitch: 24.488716
