lastlocation:
  world: world
  x: 9238.469738425916
  y: 90.0
  z: 9550.474443936899
  yaw: -69.12027
  pitch: 69.12036
timestamps:
  login: 1377796629029
  logout: 1377796711535
ipAddress: 86.214.31.188
logoutlocation:
  world: world
  x: 9236.271105408567
  y: 90.0
  z: 9550.458593591733
  yaw: -88.937386
  pitch: 14.426157
