lastlocation:
  world: world
  x: 9721.5
  y: -1.0
  z: 9437.5
  yaw: 0.0
  pitch: 0.0
timestamps:
  login: 1379113917185
  logout: 1379113922035
ipAddress: 201.66.88.167
logoutlocation:
  world: world
  x: 9195.59896686435
  y: 90.0
  z: 9551.504898855215
  yaw: 93.75228
  pitch: 21.801577
