timestamps:
  login: 1378190410544
  logout: 1378190447607
ipAddress: 88.174.54.46
lastlocation:
  world: world
  x: 9193.92245052337
  y: 89.0
  z: 9507.000091416061
  yaw: -178.90234
  pitch: 5.054076
logoutlocation:
  world: world
  x: 9193.92245052337
  y: 89.0
  z: 9507.000091416061
  yaw: 1.0976562
  pitch: 5.054076
