timestamps:
  login: 1378188410374
  logout: 1378188422082
ipAddress: 82.254.74.49
lastlocation:
  world: world
  x: 9195.0
  y: 90.0
  z: 9550.0
  yaw: -0.056250475
  pitch: 0.0
logoutlocation:
  world: world
  x: 9195.0
  y: 90.0
  z: 9550.0
  yaw: -0.11250095
  pitch: -4.7683717E-8
