lastlocation:
  world: world
  x: 9193.397735000794
  y: 89.24918707874468
  z: 9577.820050271639
  yaw: 189.6008
  pitch: 1.1015676
timestamps:
  login: 1378479684841
  logout: 1378479903537
ipAddress: 84.98.187.73
logoutlocation:
  world: world
  x: 9215.898292424095
  y: 88.5
  z: 9549.677659477655
  yaw: -91.799255
  pitch: -6.0984106
