lastlocation:
  world: world
  x: 9193.0
  y: 92.0
  z: 9550.0
  yaw: 0.0
  pitch: 0.0
timestamps:
  login: 1378112119495
  logout: 1378112172043
ipAddress: 90.12.137.114
logoutlocation:
  world: world
  x: 9193.575477159653
  y: 90.0
  z: 9551.96521112924
  yaw: 126.01083
  pitch: 11.505211
