lastlocation:
  world: world
  x: 9193.5
  y: 90.0
  z: 9550.5
  yaw: -353.9081
  pitch: 86.32695
timestamps:
  login: 1378072667898
  logout: 1378072678098
ipAddress: 74.56.26.123
logoutlocation:
  world: world
  x: 9193.56164998807
  y: 91.15975795510798
  z: 9504.699999988079
  yaw: 12.181583
  pitch: 2.910393
