lastlocation:
  world: world
  x: 9193.5
  y: 90.0
  z: 9550.5
  yaw: -353.66324
  pitch: 90.0
timestamps:
  login: 1377736522755
  logout: 1377736548170
ipAddress: 189.74.197.203
logoutlocation:
  world: world
  x: 9189.446519400211
  y: 90.0
  z: 9551.863444731454
  yaw: -113.09973
  pitch: 15.450013
