lastlocation:
  world: world
  x: 9195.59896686435
  y: 90.0
  z: 9551.504898855215
  yaw: 93.75228
  pitch: 21.801577
timestamps:
  login: 1379791237555
  logout: 1379791259751
ipAddress: 86.72.213.174
logoutlocation:
  world: world
  x: 9182.858014328755
  y: 88.0
  z: 9550.34207204153
  yaw: -88.34768
  pitch: 11.451585
