timestamps:
  login: 1377602831096
  logout: 1377603022506
ipAddress: 31.35.119.124
lastlocation:
  world: world
  x: 8960.322650537242
  y: -1.6860000133514401
  z: 9714.173958918156
  yaw: 223.57149
  pitch: 7.2921686
logoutlocation:
  world: world
  x: 9147.83426800726
  y: 89.0
  z: 9557.699999988079
  yaw: 166.86243
  pitch: 16.185165
