lastlocation:
  world: world
  x: 9193.5
  y: 90.0
  z: 9550.5
  yaw: -353.66324
  pitch: 90.0
timestamps:
  login: 1378200509468
  logout: 1378200702993
ipAddress: 109.89.131.155
logoutlocation:
  world: world
  x: 9193.049471317132
  y: 88.0
  z: 9537.95073624455
  yaw: -177.7499
  pitch: 11.700042
