lastlocation:
  world: world
  x: 9237.991803895618
  y: 90.0
  z: 9551.038501549247
  yaw: -82.7959
  pitch: 15.149974
timestamps:
  login: 1378153378840
  logout: 1378153395468
  lastteleport: 1378153088524
ipAddress: 90.5.99.166
logoutlocation:
  world: world
  x: 9198.012350157915
  y: 94.6378110447597
  z: 9550.839869110061
  yaw: -13.49587
  pitch: 17.099974
