lastlocation:
  world: world
  x: 9167.259956318494
  y: 89.0
  z: 9550.24274391867
  yaw: -89.69989
  pitch: -4.649979
timestamps:
  login: 1378209728398
  logout: 1378209746733
ipAddress: 85.26.53.186
logoutlocation:
  world: world
  x: 9167.259956318494
  y: 89.0
  z: 9550.24274391867
  yaw: 90.30011
  pitch: -4.649979
