lastlocation:
  world: world
  x: 9193.560722430499
  y: 89.24918707874468
  z: 9577.897881526715
  yaw: 181.95224
  pitch: -0.8484149
timestamps:
  login: 1378585076145
  logout: 1378585197976
ipAddress: 86.202.219.64
logoutlocation:
  world: world
  x: 9190.426512792075
  y: 94.77045889495369
  z: 9591.526257096299
  yaw: -52.647816
  pitch: 64.85156
