lastlocation:
  world: world
  x: 9166.973250846786
  y: 89.0
  z: 9549.897722247215
  yaw: 77.402214
  pitch: 14.999998
timestamps:
  login: 1378563719850
  logout: 1378563950255
ipAddress: 109.218.246.12
logoutlocation:
  world: world
  x: 9152.416442988093
  y: 93.0
  z: 9550.448331386518
  yaw: 265.80243
  pitch: 76.65
