lastlocation:
  world: world
  x: 9193.0
  y: 92.0
  z: 9550.0
  yaw: 0.0
  pitch: 0.0
timestamps:
  login: 1378057467182
  logout: 1378057512853
ipAddress: 189.55.188.196
logoutlocation:
  world: world
  x: 9193.32299819991
  y: 89.0
  z: 9596.296884198024
  yaw: -3.149979
  pitch: -9.599999
