lastlocation:
  world: world
  x: 9193.5
  y: 90.0
  z: 9550.5
  yaw: -353.66324
  pitch: 90.0
timestamps:
  login: 1377905340218
  logout: 1377905423536
ipAddress: 189.50.159.166
logoutlocation:
  world: world
  x: 9194.612153188158
  y: 88.28764545765058
  z: 9540.582253685989
  yaw: 166.93143
  pitch: 17.220928
