lastlocation:
  world: world
  x: 9193.636158354759
  y: 89.0
  z: 9507.081297369084
  yaw: 188.83617
  pitch: -0.38000497
timestamps:
  login: 1379079356966
  logout: 1379079432331
ipAddress: 89.94.57.241
logoutlocation:
  world: world
  x: 9193.636158354759
  y: 89.0
  z: 9507.081297369084
  yaw: 8.836182
  pitch: -0.38000497
