lastlocation:
  world: world
  x: 9193.5
  y: 90.0
  z: 9550.5
  yaw: -349.91324
  pitch: 90.0
timestamps:
  login: 1377713861489
  logout: 1377713959350
ipAddress: 86.215.156.164
logoutlocation:
  world: world
  x: 9195.43697235032
  y: 94.0
  z: 9549.10347328984
  yaw: -161.69995
  pitch: 58.050007
