lastlocation:
  world: world
  x: 9195.59896686435
  y: 90.0
  z: 9551.504898855215
  yaw: 93.75228
  pitch: 21.801577
timestamps:
  login: 1378481795434
  logout: 1378481808701
ipAddress: 82.235.152.236
logoutlocation:
  world: world
  x: 9195.5
  y: 90.0
  z: 9551.5
  yaw: 93.62736
  pitch: 21.801577
