lastlocation:
  world: world
  x: 9195.5
  y: 90.0
  z: 9551.5
  yaw: 94.65228
  pitch: 23.451576
timestamps:
  login: 1378307228558
  logout: 1378307287276
ipAddress: 90.22.148.37
logoutlocation:
  world: world
  x: 9193.377125056111
  y: 88.0
  z: 9562.702450953691
  yaw: 176.85223
  pitch: 7.7015796
