lastlocation:
  world: world
  x: 9218.89178651345
  y: 89.0
  z: 9550.460028708443
  yaw: -92.70048
  pitch: 1.8963045
timestamps:
  login: 1379725964271
  logout: 1379706590494
ipAddress: 187.59.63.68
logoutlocation:
  world: world
  x: 9216.449389305546
  y: 89.0
  z: 9550.460028708443
  yaw: -89.85049
  pitch: 30.996304
