lastlocation:
  world: world
  x: 9193.440582847397
  y: 89.0
  z: 9506.031901620203
  yaw: 183.30219
  pitch: 10.500048
timestamps:
  login: 1379247735114
  logout: 1379247757979
ipAddress: 85.5.192.110
logoutlocation:
  world: world
  x: 9179.537384419165
  y: 88.0
  z: 9550.245879621858
  yaw: 106.6521
  pitch: 49.500057
