lastlocation:
  world: world
  x: 9193.583615745189
  y: 89.61074915849116
  z: 9596.593010560935
  yaw: 175.47092
  pitch: 7.58115
timestamps:
  login: 1378467982536
  logout: 1378468062968
ipAddress: 90.5.109.107
logoutlocation:
  world: world
  x: 9193.506027482279
  y: 89.61074915849116
  z: 9596.839307582255
  yaw: 355.47092
  pitch: 7.58115
