lastlocation:
  world: world
  x: 9193.5
  y: 90.0
  z: 9550.5
  yaw: -353.66324
  pitch: 90.0
timestamps:
  login: 1377885383083
  logout: 1377885404141
ipAddress: 82.227.52.113
logoutlocation:
  world: world
  x: 9193.64468965047
  y: 89.0
  z: 9525.246386505038
  yaw: 177.74998
  pitch: -1.9499966
