lastlocation:
  world: world
  x: 9193.5
  y: 90.0
  z: 9550.5
  yaw: -353.66324
  pitch: 90.0
timestamps:
  login: 1378025760380
  logout: 1378025826744
ipAddress: 78.239.228.188
logoutlocation:
  world: world
  x: 9193.719554232375
  y: 90.0
  z: 9551.49198127609
  yaw: 100.05001
  pitch: -5.5499997
