lastlocation:
  world: world
  x: 9193.381533932923
  y: 89.0
  z: 9507.008551420775
  yaw: 181.24829
  pitch: 2.953648
timestamps:
  login: 1378285510041
  logout: 1378285560644
ipAddress: 78.226.156.196
logoutlocation:
  world: world
  x: 9193.381533932923
  y: 89.0
  z: 9507.008551420775
  yaw: 1.248291
  pitch: 2.953648
