lastlocation:
  world: world
  x: 9193.0
  y: 92.0
  z: 9550.0
  yaw: 0.0
  pitch: 0.0
timestamps:
  login: 1377939602096
  logout: 1377939645952
ipAddress: 86.198.163.92
logoutlocation:
  world: world
  x: 9223.14666030563
  y: 88.0
  z: 9551.378653696782
  yaw: -42.956154
  pitch: 7.5947328
