lastlocation:
  world: world_the_end
  x: 19.5
  y: 63.0
  z: 26.5
  yaw: 273.51624
  pitch: 2.789981
timestamps:
  login: 1378144521125
  logout: 1378144554369
ipAddress: 88.140.213.46
logoutlocation:
  world: world_the_end
  x: 20.03715553736833
  y: 63.0
  z: 25.838260047977084
  yaw: -87.14995
  pitch: 4.6499944
