lastlocation:
  world: world
  x: 9166.971355357891
  y: 89.0
  z: 9550.331237199118
  yaw: 271.0352
  pitch: 2.4183424
timestamps:
  login: 1378464491847
  logout: 1378464547820
ipAddress: 78.238.70.126
logoutlocation:
  world: world
  x: 9182.173747241493
  y: 88.35915162163384
  z: 9550.857151217831
  yaw: 270.8682
  pitch: 18.263348
