lastlocation:
  world: world
  x: 9193.5
  y: 90.0
  z: 9550.5
  yaw: -353.66324
  pitch: 90.0
timestamps:
  login: 1377977354012
  logout: 1377977402686
ipAddress: 93.8.106.26
logoutlocation:
  world: world
  x: 9193.242991872374
  y: 90.0
  z: 9596.938498235379
  yaw: -359.10016
  pitch: 39.75
