timestamps:
  login: 1377499273862
  logout: 1377499318631
ipAddress: 82.216.82.75
lastlocation:
  world: world
  x: 8972.5
  y: -1.6860000133514401
  z: 10265.5
  yaw: 0.0
  pitch: 0.0
logoutlocation:
  world: world
  x: 9168.308084928998
  y: 89.0
  z: 9550.50320081112
  yaw: -269.06323
  pitch: 18.450018
