lastlocation:
  world: world
  x: 9193.0
  y: 92.0
  z: 9550.0
  yaw: 0.0
  pitch: 0.0
timestamps:
  login: 1378137189829
  logout: 1378137191680
ipAddress: 88.182.236.201
logoutlocation:
  world: world
  x: 9193.246110653688
  y: 88.0
  z: 9535.553235622552
  yaw: -186.7501
  pitch: 5.700001
