lastlocation:
  world: world
  x: 9195.5
  y: 90.0
  z: 9551.5
  yaw: 93.75228
  pitch: 25.55157
timestamps:
  login: 1378477912236
  logout: 1378477963416
ipAddress: 81.245.234.126
logoutlocation:
  world: world
  x: 9193.88604808933
  y: 89.0
  z: 9526.875800127977
  yaw: -180.59743
  pitch: 2.751597
