timestamps:
  login: 1378147507799
  logout: 1378147514407
ipAddress: 86.75.129.243
lastlocation:
  world: world
  x: 9193.439966068916
  y: 89.0
  z: 9507.12587093065
  yaw: 353.71628
  pitch: 51.682636
logoutlocation:
  world: world
  x: 9193.439966068916
  y: 89.0
  z: 9507.12587093065
  yaw: 173.71631
  pitch: 51.682636
