lastlocation:
  world: world
  x: 9193.0
  y: 92.0
  z: 9550.0
  yaw: 0.0
  pitch: 0.0
timestamps:
  login: 1377850355165
  logout: 1377852349582
ipAddress: 2.13.84.159
logoutlocation:
  world: world
  x: 9193.911007384218
  y: 90.0
  z: 9554.22387694065
  yaw: 210.29997
  pitch: 15.600014
afk: false
