lastlocation:
  world: world_the_end
  x: 19.5
  y: 61.0
  z: 26.5
  yaw: 276.22534
  pitch: -6.887245
timestamps:
  login: 1378153286703
  logout: 1378153385356
ipAddress: 89.93.23.130
logoutlocation:
  world: world_the_end
  x: 20.72517219231406
  y: 61.0
  z: 26.749857443271573
  yaw: -92.77188
  pitch: 17.431614
