lastlocation:
  world: world
  x: 9166.996066843323
  y: 89.0
  z: 9549.995194433748
  yaw: 268.2227
  pitch: 20.572786
timestamps:
  login: 1378477187197
  logout: 1378477260821
ipAddress: 88.162.254.13
logoutlocation:
  world: world
  x: 9216.818504655017
  y: 89.0
  z: 9550.183729049004
  yaw: 233.20195
  pitch: 23.644777
