lastlocation:
  world: world
  x: 9193.365103156177
  y: 89.0
  z: 9507.198548479064
  yaw: 182.92331
  pitch: 3.1997998
timestamps:
  login: 1378584507931
  logout: 1378584515385
ipAddress: 86.217.9.105
logoutlocation:
  world: world
  x: 9193.592198269318
  y: 88.5
  z: 9509.259410147954
  yaw: -82.80316
  pitch: 48.50824
