timestamps:
  login: 1378047048795
  logout: 1378047064373
ipAddress: 82.227.52.113
lastlocation:
  world: world
  x: 9193.0
  y: 92.0
  z: 9550.0
  yaw: 0.0
  pitch: 0.0
logoutlocation:
  world: world
  x: 9216.907731792142
  y: 89.0
  z: 9549.874243353815
  yaw: -86.63037
  pitch: 1.2288076
