lastlocation:
  world: world
  x: 9167.199551747452
  y: 89.0
  z: 9550.22780672873
  yaw: 282.75214
  pitch: 40.70158
timestamps:
  login: 1378222528254
  logout: 1378222721807
ipAddress: 81.56.110.242
logoutlocation:
  world: world
  x: 9167.199551747452
  y: 89.0
  z: 9550.22780672873
  yaw: 102.75212
  pitch: 40.70158
