lastlocation:
  world: world
  x: 9218.939546175845
  y: 89.0
  z: 9551.163039994824
  yaw: -85.49775
  pitch: 26.901602
timestamps:
  login: 1378562981774
  logout: 1378563170151
ipAddress: 85.69.190.241
logoutlocation:
  world: world
  x: 9199.300000011921
  y: 88.0
  z: 9550.164532549386
  yaw: 60.002304
  pitch: 13.251618
