lastlocation:
  world: world
  x: 9193.0
  y: 92.0
  z: 9550.0
  yaw: 0.0
  pitch: 0.0
timestamps:
  login: 1378117420106
  logout: 1378117504381
ipAddress: 86.193.112.24
logoutlocation:
  world: world
  x: 9194.291677985982
  y: 90.74848791821934
  z: 9595.376748309396
  yaw: -7.349884
  pitch: 9.149994
