lastlocation:
  world: world
  x: 9193.5
  y: 90.0
  z: 9550.5
  yaw: -355.91312
  pitch: 84.29995
timestamps:
  login: 1377999246915
  logout: 1377999288565
ipAddress: 75.152.5.98
logoutlocation:
  world: world
  x: 9148.543208573385
  y: 88.53331977714507
  z: 9547.252504336422
  yaw: -33.155457
  pitch: 0.6000835
