lastlocation:
  world: world
  x: 9195.5
  y: 90.0
  z: 9551.5
  yaw: 93.75228
  pitch: 21.801577
timestamps:
  login: 1378833051570
  logout: 1378833093677
ipAddress: 78.243.245.213
logoutlocation:
  world: world
  x: 9194.020014794898
  y: 88.51672943610092
  z: 9535.96162985531
  yaw: 177.57797
  pitch: 7.691911
