lastlocation:
  world: world
  x: 9193.5
  y: 90.0
  z: 9550.5
  yaw: -353.66324
  pitch: 90.0
timestamps:
  login: 1378049742149
  logout: 1378049817378
ipAddress: 82.126.18.133
logoutlocation:
  world: world
  x: 9146.845908724124
  y: 89.5
  z: 9550.549927173068
  yaw: 90.29941
  pitch: 40.79999
