lastlocation:
  world: world
  x: 9165.97134158881
  y: 89.0
  z: 9550.68762813915
  yaw: 87.60187
  pitch: 20.151463
timestamps:
  login: 1379255145280
  logout: 1379255383478
ipAddress: 82.232.158.197
logoutlocation:
  world: world
  x: 9162.845400429556
  y: 89.0
  z: 9547.948258250972
  yaw: 267.60187
  pitch: 20.151463
