lastlocation:
  world: world
  x: 9193.5
  y: 90.0
  z: 9550.5
  yaw: -353.96323
  pitch: 90.0
timestamps:
  login: 1377918282103
  logout: 1377918353479
ipAddress: 177.195.41.72
logoutlocation:
  world: world
  x: 9237.577942513824
  y: 90.0
  z: 9548.998544777754
  yaw: -34.19996
  pitch: 29.400002
