lastlocation:
  world: world
  x: 9193.5
  y: 90.0
  z: 9550.5
  yaw: -353.66324
  pitch: 90.0
timestamps:
  login: 1377809197617
  logout: 1377809250382
ipAddress: 109.8.65.56
logoutlocation:
  world: world
  x: 9147.655778445232
  y: 89.0
  z: 9550.593246043398
  yaw: -268.20007
  pitch: -17.549992
