lastlocation:
  world: world
  x: 9193.77182819754
  y: 89.0
  z: 9523.510547778282
  yaw: -184.66492
  pitch: 6.282666
timestamps:
  login: 1379095012934
  logout: 1379095013936
ipAddress: 90.39.82.188
logoutlocation:
  world: world
  x: 9195.59896686435
  y: 90.0
  z: 9551.504898855215
  yaw: 97.56675
  pitch: 19.333391
