lastlocation:
  world: world
  x: 9195.5
  y: 90.0
  z: 9551.5
  yaw: 92.663895
  pitch: 25.71972
timestamps:
  login: 1379172191558
  logout: 1379172205898
ipAddress: 84.102.39.115
logoutlocation:
  world: world
  x: 9173.184192673118
  y: 88.0
  z: 9550.308951194933
  yaw: 55.441593
  pitch: 47.269577
