lastlocation:
  world: world
  x: 9167.117250323872
  y: 89.73376004768372
  z: 9550.30117218966
  yaw: 271.80212
  pitch: 29.151579
timestamps:
  login: 1378215488844
  logout: 1378215630336
ipAddress: 79.82.40.13
logoutlocation:
  world: world
  x: 9167.117250323872
  y: 89.73376004768372
  z: 9550.30117218966
  yaw: 271.80212
  pitch: 29.151579
