lastlocation:
  world: world
  x: 9147.042731042458
  y: 89.0
  z: 9549.57859601086
  yaw: 88.20001
  pitch: 6.0000043
timestamps:
  login: 1378188266499
  logout: 1378188294555
ipAddress: 82.254.74.49
logoutlocation:
  world: world
  x: 9154.146150430917
  y: 88.0
  z: 9550.300171878087
  yaw: -82.34996
  pitch: 19.499992
