lastlocation:
  world: world
  x: 9167.023637861977
  y: 89.0
  z: 9550.269554732833
  yaw: 272.07404
  pitch: 13.829669
timestamps:
  login: 1378923310356
  logout: 1378923365972
ipAddress: 92.153.239.188
logoutlocation:
  world: world
  x: 9193.762321125188
  y: 90.0
  z: 9550.469829170972
  yaw: -62.74823
  pitch: 36.906185
