lastlocation:
  world: world
  x: 9193.864838484033
  y: 89.0
  z: 9524.034333769587
  yaw: -239.21667
  pitch: 17.525423
timestamps:
  login: 1378557485511
  logout: 1378557701925
ipAddress: 86.210.93.247
logoutlocation:
  world: world
  x: 9184.897939246313
  y: 88.0
  z: 9544.339485710285
  yaw: -15.6953125
  pitch: 6.230627
