lastlocation:
  world: world
  x: 9193.983636877227
  y: 89.0
  z: 9507.010250158744
  yaw: 156.75226
  pitch: 62.849957
timestamps:
  login: 1379190504414
  logout: 1379190516622
ipAddress: 78.214.230.4
logoutlocation:
  world: world
  x: 9194.091792444897
  y: 89.0
  z: 9507.261958019333
  yaw: 336.75226
  pitch: 62.849957
