timestamps:
  login: 1377504978279
  logout: 1377505006466
ipAddress: 85.201.104.48
lastlocation:
  world: world
  x: 9757.5
  y: -1.0
  z: 10046.5
  yaw: 0.0
  pitch: 0.0
logoutlocation:
  world: world
  x: 9147.348012892035
  y: 89.0
  z: 9550.69857955938
  yaw: -268.26178
  pitch: 6.4415894
