lastlocation:
  world: world
  x: 9193.5
  y: 90.0
  z: 9550.5
  yaw: -353.66324
  pitch: 90.0
timestamps:
  login: 1377764939777
  logout: 1377765100219
ipAddress: 88.177.29.146
logoutlocation:
  world: world
  x: 9147.719041098444
  y: 88.5
  z: 9552.479777049992
  yaw: 153.14995
  pitch: -10.499986
