lastlocation:
  world: world
  x: 9167.053423232548
  y: 89.0
  z: 9550.166600244855
  yaw: 273.15228
  pitch: 11.151584
timestamps:
  login: 1378555160205
  logout: 1378555253831
ipAddress: 84.100.172.221
logoutlocation:
  world: world
  x: 9193.307169678375
  y: 88.0
  z: 9557.470805786583
  yaw: 0.75234985
  pitch: 8.151585
