lastlocation:
  world: world
  x: 9193.5
  y: 90.0
  z: 9550.5
  yaw: -353.66324
  pitch: 90.0
timestamps:
  login: 1377632531375
  logout: 1377632540339
ipAddress: 79.85.98.55
logoutlocation:
  world: world
  x: 9148.808002240614
  y: 88.5
  z: 9550.41992584014
  yaw: 87.18681
  pitch: -16.500021
