lastlocation:
  world: world
  x: 9193.581654213272
  y: 89.0
  z: 9507.021815957363
  yaw: 357.2736
  pitch: 19.18515
timestamps:
  login: 1379091372379
  logout: 1379091376099
ipAddress: 90.2.26.103
logoutlocation:
  world: world
  x: 9193.581654213272
  y: 89.0
  z: 9507.021815957363
  yaw: 177.27356
  pitch: 19.18515
