lastlocation:
  world: world
  x: 9193.082061497997
  y: 89.0
  z: 9596.978280808387
  yaw: 178.20251
  pitch: 74.099976
timestamps:
  login: 1378275645247
  logout: 1378275687005
ipAddress: 83.237.27.91
logoutlocation:
  world: world
  x: 9193.082061497997
  y: 89.0
  z: 9596.978280808387
  yaw: 358.2025
  pitch: 74.099976
