lastlocation:
  world: world
  x: 9193.543639402214
  y: 89.0
  z: 9507.053068233043
  yaw: 184.50208
  pitch: -7.3500156
timestamps:
  login: 1379103310445
  logout: 1379103416706
  lastteleport: 1378398361311
ipAddress: 80.15.213.235
logoutlocation:
  world: world
  x: 9193.543639402214
  y: 89.0
  z: 9507.053068233043
  yaw: 4.502075
  pitch: -7.3500156
