lastlocation:
  world: world_the_end
  x: 19.30000001192093
  y: 63.0
  z: 25.30000001192093
  yaw: 23.550053
  pitch: -48.300007
timestamps:
  login: 1378145854962
  lastteleport: 1378145875633
  logout: 1378145911161
ipAddress: 90.224.169.246
logoutlocation:
  world: world_the_end
  x: 19.660135813679453
  y: 63.0
  z: 25.31117647173794
  yaw: 347.01614
  pitch: 59.789986
