lastlocation:
  world: world
  x: 9194.321178422986
  y: 89.0
  z: 9524.00404540665
  yaw: -182.24835
  pitch: 46.251587
timestamps:
  login: 1378549325287
  logout: 1378549490835
ipAddress: 81.64.92.213
logoutlocation:
  world: world
  x: 9188.803956373977
  y: 102.74727989261348
  z: 9559.31934585605
  yaw: -351.89832
  pitch: 17.151579
