lastlocation:
  world: world
  x: 9192.804768813292
  y: 89.0
  z: 9596.85559416475
  yaw: -356.2024
  pitch: 29.647194
timestamps:
  login: 1378376391770
  logout: 1378376446702
ipAddress: 80.200.184.125
logoutlocation:
  world: world
  x: 9192.804768813292
  y: 89.0
  z: 9596.85559416475
  yaw: -355.58704
  pitch: 30.416368
