lastlocation:
  world: world
  x: 9193.5
  y: 90.0
  z: 9550.5
  yaw: -353.66324
  pitch: 90.0
timestamps:
  login: 1377610977349
  logout: 1377612059153
ipAddress: 92.160.192.235
logoutlocation:
  world: world
  x: 9147.41546211108
  y: 88.0
  z: 9556.541775201076
  yaw: -108.15137
  pitch: 19.49997
