timestamps:
  login: 1378646269375
  logout: 1378646363023
ipAddress: 86.67.26.24
lastlocation:
  world: world
  x: 9193.391448245397
  y: 89.0
  z: 9524.13871185976
  yaw: 195.15225
  pitch: 12.651583
logoutlocation:
  world: world
  x: 9211.105894598639
  y: 88.0
  z: 9550.015962317
  yaw: 119.55233
  pitch: 26.60159
