lastlocation:
  world: world
  x: 9193.025192489087
  y: 89.0
  z: 9596.971082553624
  yaw: -5.400879
  pitch: 29.849945
timestamps:
  login: 1378302873310
  logout: 1378302996609
ipAddress: 109.214.209.12
logoutlocation:
  world: world
  x: 9193.025192489087
  y: 89.0
  z: 9596.971082553624
  yaw: 175.49913
  pitch: 31.349945
