lastlocation:
  world: world
  x: 9193.5
  y: 90.0
  z: 9550.5
  yaw: -353.66324
  pitch: 90.0
timestamps:
  login: 1378121024502
  logout: 1378121056022
ipAddress: 93.26.20.212
logoutlocation:
  world: world
  x: 9193.311860067788
  y: 89.0
  z: 9506.906690597789
  yaw: 182.70029
  pitch: -0.4499847
