lastlocation:
  world: world
  x: 9193.5
  y: 90.0
  z: 9550.5
  yaw: -353.66324
  pitch: 90.0
timestamps:
  login: 1377588300938
  logout: 1377588312500
ipAddress: 81.14.56.42
logoutlocation:
  world: world
  x: 9148.187044436789
  y: 89.0
  z: 9550.390065743259
  yaw: 89.21152
  pitch: 10.412611
