lastlocation:
  world: world
  x: 9192.628552436423
  y: 89.1707870772188
  z: 9577.872221154144
  yaw: 6.1523743
  pitch: 2.3015754
timestamps:
  login: 1379155664431
  logout: 1379155774087
ipAddress: 82.126.181.122
logoutlocation:
  world: world
  x: 9193.802425859763
  y: 88.0
  z: 9572.289267307655
  yaw: -174.29759
  pitch: -2.0484233
