lastlocation:
  world: world
  x: 9193.5
  y: 90.0
  z: 9550.5
  yaw: -353.66324
  pitch: 90.0
timestamps:
  login: 1377960677501
  logout: 1377960716772
ipAddress: 82.242.28.219
logoutlocation:
  world: world
  x: 9193.456092126318
  y: 89.0
  z: 9524.505102029452
  yaw: 184.4999
  pitch: -0.75000304
