lastlocation:
  world: world
  x: 9192.610396610067
  y: 89.00133597911214
  z: 9577.933431393314
  yaw: -24.597876
  pitch: 31.40158
timestamps:
  login: 1378579324866
  logout: 1378579451953
ipAddress: 82.66.129.54
logoutlocation:
  world: world
  x: 9193.695300256979
  y: 88.0
  z: 9573.914262081249
  yaw: -180.74788
  pitch: 9.651588
