lastlocation:
  world: world_the_end
  x: 17.090150889779483
  y: 83.89346751657048
  z: 29.30000001192093
  yaw: 145.37466
  pitch: -75.812096
timestamps:
  login: 1378145439431
  lastteleport: 1378145498525
  logout: 1378145508165
ipAddress: 92.158.251.183
logoutlocation:
  world: world_the_end
  x: 23.69999998807907
  y: 67.00963728214974
  z: 26.718634782682436
  yaw: 244.63625
  pitch: 35.94337
