lastlocation:
  world: world
  x: 9193.662137790923
  y: 89.0
  z: 9524.206761809717
  yaw: -173.69771
  pitch: 44.45158
timestamps:
  login: 1379356408405
  logout: 1379356421006
ipAddress: 86.214.39.239
logoutlocation:
  world: world
  x: 9184.606291614915
  y: 88.0
  z: 9553.250808238818
  yaw: 202.3523
  pitch: 25.251574
