lastlocation:
  world: world
  x: 9193.5
  y: 90.0
  z: 9550.5
  yaw: -353.66324
  pitch: 90.0
timestamps:
  login: 1377626524004
  logout: 1377626931393
ipAddress: 78.127.214.164
logoutlocation:
  world: world
  x: 9185.735211444482
  y: 88.0
  z: 9555.182603372417
  yaw: 122.24994
  pitch: 28.049984
