lastlocation:
  world: world
  x: 9167.189116393009
  y: 89.0
  z: 9550.436657353295
  yaw: -91.04779
  pitch: 2.001571
timestamps:
  login: 1378680875542
  logout: 1378680971680
ipAddress: 92.132.76.33
logoutlocation:
  world: world
  x: 9155.883923805965
  y: 88.0
  z: 9550.831729027796
  yaw: -270.44778
  pitch: 1.1015711
