lastlocation:
  world: world
  x: 9193.5
  y: 90.0
  z: 9550.5
  yaw: -353.66324
  pitch: 90.0
timestamps:
  login: 1378043732916
  logout: 1378043777836
ipAddress: 82.126.55.164
logoutlocation:
  world: world
  x: 9193.0
  y: 90.0
  z: 9550.205384529196
  yaw: -2.55
  pitch: 11.55
