lastlocation:
  world: world
  x: 9193.5
  y: 90.0
  z: 9550.5
  yaw: -350.36325
  pitch: 90.0
timestamps:
  login: 1377596163766
  logout: 1377596324244
ipAddress: 78.247.205.15
logoutlocation:
  world: world
  x: 9193.510695404257
  y: 89.0
  z: 9576.74811691692
  yaw: 176.1
  pitch: 38.85
