lastlocation:
  world: world
  x: 9193.380317342608
  y: 89.0
  z: 9578.959427349446
  yaw: 357.00226
  pitch: 3.6515863
timestamps:
  login: 1379684750974
  logout: 1379684909946
ipAddress: 82.212.186.144
logoutlocation:
  world: world
  x: 9192.883674094728
  y: 90.0
  z: 9552.616551722802
  yaw: 189.30225
  pitch: 19.851585
