lastlocation:
  world: world
  x: 9193.403341663456
  y: 89.0
  z: 9578.01802587022
  yaw: 1.6529846
  pitch: 19.949997
timestamps:
  login: 1378568920475
  logout: 1378569163227
ipAddress: 81.67.66.12
logoutlocation:
  world: world
  x: 9193.42480676066
  y: 88.0
  z: 9575.62482626954
  yaw: 181.353
  pitch: 31.499998
