lastlocation:
  world: world
  x: 9195.5
  y: 90.0
  z: 9551.5
  yaw: 93.75228
  pitch: 21.801577
timestamps:
  login: 1378566315712
  logout: 1378566415472
ipAddress: 212.195.232.2
logoutlocation:
  world: world
  x: 9187.213184622904
  y: 88.0
  z: 9550.459686816896
  yaw: 39.752327
  pitch: 20.751575
