lastlocation:
  world: world
  x: 9193.5
  y: 90.0
  z: 9550.5
  yaw: -353.66324
  pitch: 90.0
timestamps:
  login: 1377960663446
  logout: 1377960691760
ipAddress: 82.228.118.58
logoutlocation:
  world: world
  x: 9193.782914611493
  y: 89.0
  z: 9524.723976412122
  yaw: -182.55016
  pitch: 5.8500047
