lastlocation:
  world: world
  x: 9193.309311270079
  y: 89.0
  z: 9596.993159861478
  yaw: 181.65393
  pitch: 13.346932
timestamps:
  login: 1378319159872
  logout: 1378319487167
ipAddress: 90.50.204.109
logoutlocation:
  world: world
  x: 9193.309311270079
  y: 89.0
  z: 9596.939842586698
  yaw: 1.6539307
  pitch: 13.346932
