lastlocation:
  world: world
  x: 9193.0
  y: 92.0
  z: 9550.0
  yaw: 0.0
  pitch: 0.0
timestamps:
  login: 1378127550744
  logout: 1378127554847
ipAddress: 82.252.185.176
logoutlocation:
  world: world
  x: 9193.400749608427
  y: 86.0
  z: 9484.69591067363
  yaw: 181.24823
  pitch: -17.203203
