lastlocation:
  world: world
  x: 9193.72900256996
  y: 89.0
  z: 9524.170748973362
  yaw: 183.75238
  pitch: 12.051584
timestamps:
  login: 1379170555343
  logout: 1379170595745
ipAddress: 85.171.198.136
logoutlocation:
  world: world
  x: 9193.812492367697
  y: 90.0
  z: 9552.947275613273
  yaw: -177.74773
  pitch: 3.3515704
