lastlocation:
  world: world
  x: 9193.5
  y: 90.0
  z: 9550.5
  yaw: -353.795
  pitch: 90.0
timestamps:
  login: 1377796251690
  logout: 1377796263642
ipAddress: 109.13.167.41
logoutlocation:
  world: world
  x: 9205.395319578378
  y: 88.0
  z: 9550.556764564943
  yaw: 270.10977
  pitch: 9.61979
