lastlocation:
  world: world
  x: 9193.92296285949
  y: 89.0
  z: 9524.201995146845
  yaw: -176.09778
  pitch: 35.901577
timestamps:
  login: 1378211378932
  logout: 1378211479649
ipAddress: 81.243.184.128
logoutlocation:
  world: world
  x: 9193.92296285949
  y: 89.0
  z: 9524.201995146845
  yaw: -176.09778
  pitch: 35.901577
