lastlocation:
  world: world
  x: 9167.292152483493
  y: 89.40592235168371
  z: 9549.822368447638
  yaw: 93.45245
  pitch: 7.8000383
timestamps:
  login: 1378493857178
  logout: 1378493970632
ipAddress: 89.170.6.254
logoutlocation:
  world: world
  x: 9148.85307170484
  y: 88.5
  z: 9550.165950560977
  yaw: 191.8523
  pitch: 16.050053
