lastlocation:
  world: world
  x: 9193.5
  y: 90.0
  z: 9550.5
  yaw: -353.66324
  pitch: 89.85
timestamps:
  login: 1377947109315
  logout: 1377947283609
ipAddress: 92.149.111.223
logoutlocation:
  world: world
  x: 9189.344361392434
  y: 105.20928920025139
  z: 9550.316899441998
  yaw: -35.549194
  pitch: 28.949987
