lastlocation:
  world: world
  x: 9193.270355403452
  y: 89.24918707874468
  z: 9577.91859833156
  yaw: 187.80237
  pitch: -19.448444
timestamps:
  login: 1379347818257
  logout: 1379347958061
ipAddress: 93.6.248.23
logoutlocation:
  world: world
  x: 9192.834784480887
  y: 88.0
  z: 9530.424833461606
  yaw: 181.05206
  pitch: -3.9984365
