lastlocation:
  world: world
  x: 9193.328640869748
  y: 89.0
  z: 9577.982378786666
  yaw: 187.9531
  pitch: 4.101602
timestamps:
  login: 1378737090230
  logout: 1378737300425
ipAddress: 82.229.66.162
logoutlocation:
  world: world
  x: 9179.200112764705
  y: 88.0
  z: 9550.92888499015
  yaw: 273.60315
  pitch: 6.9515977
