lastlocation:
  world: world
  x: 9193.5
  y: 90.0
  z: 9550.5
  yaw: -353.66324
  pitch: 90.0
timestamps:
  login: 1378115032650
  logout: 1378115044958
ipAddress: 88.188.125.170
logoutlocation:
  world: world
  x: 9194.226295227945
  y: 88.0
  z: 9537.300000011921
  yaw: -164.54982
  pitch: 26.099985
