lastlocation:
  world: world
  x: 9193.5
  y: 90.0
  z: 9550.5
  yaw: -357.41327
  pitch: 39.90001
timestamps:
  login: 1377862646442
  lastteleport: 1377771448902
  logout: 1377862738711
ipAddress: 88.181.152.224
logoutlocation:
  world: world
  x: 9170.7683692857
  y: 88.0
  z: 9550.769962768962
  yaw: 91.23724
  pitch: 3.450016
