lastlocation:
  world: world
  x: 9193.737541268614
  y: 88.5
  z: 9509.05245888296
  yaw: 177.92935
  pitch: -11.249958
timestamps:
  login: 1378240400714
  logout: 1378240402886
ipAddress: 189.58.157.17
logoutlocation:
  world: world
  x: 9195.59896686435
  y: 90.0
  z: 9551.504898855215
  yaw: 93.75228
  pitch: 21.801577
