lastlocation:
  world: world
  x: 9166.982230527534
  y: 89.0
  z: 9549.881961751216
  yaw: -30.89769
  pitch: 21.351576
timestamps:
  login: 1378417074416
  logout: 1378417076367
ipAddress: 92.152.139.135
logoutlocation:
  world: world
  x: 9174.659873226536
  y: 88.0
  z: 9550.13120316286
  yaw: -82.04771
  pitch: 9.351573
