lastlocation:
  world: world
  x: 9195.59896686435
  y: 90.0
  z: 9551.504898855215
  yaw: 93.986755
  pitch: 21.801577
timestamps:
  login: 1379528199617
  logout: 1379528202067
ipAddress: 90.61.157.80
logoutlocation:
  world: world
  x: 9195.59896686435
  y: 90.0
  z: 9551.504898855215
  yaw: 93.75228
  pitch: 21.801577
