lastlocation:
  world: world
  x: 9193.5
  y: 90.0
  z: 9550.5
  yaw: -353.66324
  pitch: 90.0
timestamps:
  login: 1377568387096
  logout: 1377568447153
ipAddress: 187.36.66.46
logoutlocation:
  world: world
  x: 9199.892844620925
  y: 88.0
  z: 9553.924865714478
  yaw: 241.80002
  pitch: 21.449997
