lastlocation:
  world: world
  x: 9193.5
  y: 90.0
  z: 9550.5
  yaw: -353.66324
  pitch: 90.0
timestamps:
  login: 1378039116987
  logout: 1378039138334
ipAddress: 78.112.83.107
logoutlocation:
  world: world
  x: 9193.842844617982
  y: 89.0
  z: 9524.319995931484
  yaw: -182.85597
  pitch: 9.834048
