lastlocation:
  world: world
  x: 9195.5
  y: 90.0
  z: 9551.5
  yaw: 93.75228
  pitch: 21.801577
timestamps:
  login: 1378569860981
  logout: 1378569920809
ipAddress: 109.12.86.189
logoutlocation:
  world: world
  x: 9195.59896686435
  y: 90.0
  z: 9551.504898855215
  yaw: 93.75228
  pitch: 21.801577
