lastlocation:
  world: world
  x: 9167.088661706997
  y: 89.0
  z: 9550.473518082912
  yaw: 273.36505
  pitch: 7.198723
timestamps:
  login: 1378532355666
  logout: 1378532436854
ipAddress: 78.226.64.82
logoutlocation:
  world: world
  x: 9172.141730452215
  y: 88.0
  z: 9549.175000011921
  yaw: 257.9351
  pitch: 57.60232
