timestamps:
  login: 1377611901456
  logout: 1377612144225
ipAddress: 88.188.59.64
lastlocation:
  world: world
  x: 8289.5
  y: -1.6860000133514401
  z: 8818.5
  yaw: 0.0
  pitch: 0.0
logoutlocation:
  world: world
  x: 9216.769987885986
  y: 89.0
  z: 9551.682558527764
  yaw: -264.26416
  pitch: 14.100012
