lastlocation:
  world: world
  x: 9193.5
  y: 90.0
  z: 9550.5
  yaw: -353.66324
  pitch: 90.0
timestamps:
  login: 1377587338326
  logout: 1377587361899
ipAddress: 83.115.59.205
logoutlocation:
  world: world
  x: 9147.300000011921
  y: 89.03590894608827
  z: 9550.171528687224
  yaw: 70.36749
  pitch: 0.5825251
