lastlocation:
  world: world
  x: 9193.5
  y: 90.0
  z: 9550.5
  yaw: -353.66324
  pitch: 90.0
timestamps:
  login: 1378050281374
  logout: 1378050310367
ipAddress: 85.26.107.119
logoutlocation:
  world: world
  x: 9193.33537612842
  y: 89.0
  z: 9523.87854177834
  yaw: 172.76186
  pitch: 12.585608
