lastlocation:
  world: world
  x: 9193.5
  y: 90.0
  z: 9550.5
  yaw: -353.66324
  pitch: 90.0
timestamps:
  login: 1377979662711
  logout: 1377979827335
ipAddress: 86.193.245.146
logoutlocation:
  world: world
  x: 9193.547329261757
  y: 89.0
  z: 9596.699999988079
  yaw: 357.89954
  pitch: 5.6122212
