lastlocation:
  world: world
  x: 9193.0
  y: 92.0
  z: 9550.0
  yaw: 0.0
  pitch: 0.0
timestamps:
  login: 1378133458288
  logout: 1378133459702
ipAddress: 86.193.112.24
logoutlocation:
  world: world
  x: 9193.783860337773
  y: 90.06955481009997
  z: 9596.420600185522
  yaw: 3.4500015
  pitch: 34.5
