lastlocation:
  world: world
  x: 9193.5
  y: 90.0
  z: 9550.5
  yaw: -353.66324
  pitch: 90.0
timestamps:
  login: 1377692746412
  logout: 1377692754970
ipAddress: 5.48.97.144
logoutlocation:
  world: world
  x: 9236.674587635664
  y: 90.0
  z: 9549.64694946338
  yaw: -62.99984
  pitch: 21.899988
