lastlocation:
  world: world
  x: 9194.012205499828
  y: 89.0
  z: 9507.139183289357
  yaw: 208.66576
  pitch: 16.271992
timestamps:
  login: 1378196359820
  logout: 1378196363870
ipAddress: 84.5.100.50
logoutlocation:
  world: world
  x: 9193.49618076049
  y: 88.5
  z: 9509.27707598079
  yaw: -76.3966
  pitch: -90.0
