lastlocation:
  world: world
  x: 9195.59896686435
  y: 90.0
  z: 9551.504898855215
  yaw: 93.75228
  pitch: 21.801577
timestamps:
  login: 1378292970856
  logout: 1378292994647
ipAddress: 86.221.225.73
logoutlocation:
  world: world
  x: 9196.802116250588
  y: 88.0
  z: 9544.342119316656
  yaw: -267.08508
  pitch: 5.024721
