lastlocation:
  world: world
  x: 9193.5
  y: 90.0
  z: 9550.5
  yaw: -353.66324
  pitch: 90.0
timestamps:
  login: 1377961366759
  logout: 1377961800685
ipAddress: 90.47.193.22
logoutlocation:
  world: world
  x: 9236.71460430748
  y: 90.0
  z: 9550.66492615004
  yaw: 266.8963
  pitch: 21.418163
