lastlocation:
  world: world
  x: 9193.71328212798
  y: 89.0
  z: 9524.079790863707
  yaw: 4.3949585
  pitch: 29.85396
timestamps:
  login: 1378544071882
  logout: 1378544337531
ipAddress: 81.244.116.91
logoutlocation:
  world: world
  x: 9193.75333849911
  y: 89.0
  z: 9526.87769072011
  yaw: -1.0207981
  pitch: 26.362223
