lastlocation:
  world: world
  x: 9237.921270987943
  y: 90.0
  z: 9550.340623693784
  yaw: -92.58141
  pitch: -2.1408274
timestamps:
  login: 1378925594268
  logout: 1378925983708
ipAddress: 88.140.109.211
logoutlocation:
  world: world
  x: 9235.158647911143
  y: 93.0
  z: 9558.699999988079
  yaw: 135.97542
  pitch: -42.076828
