lastlocation:
  world: world
  x: 9193.5
  y: 90.0
  z: 9550.5
  yaw: -353.66324
  pitch: 90.0
timestamps:
  login: 1378052280502
  logout: 1378052332839
ipAddress: 78.233.203.86
logoutlocation:
  world: world
  x: 9148.9245196731
  y: 89.31007365896964
  z: 9550.394883307956
  yaw: 89.24748
  pitch: 3.2045422
