lastlocation:
  world: world
  x: 9165.963258156587
  y: 89.0
  z: 9550.336197771292
  yaw: 90.15093
  pitch: 7.3500066
timestamps:
  login: 1378146840649
  logout: 1378146891744
ipAddress: 2.14.182.80
logoutlocation:
  world: world
  x: 9181.770045866095
  y: 88.0
  z: 9551.746843395156
  yaw: -87.89906
  pitch: 10.950021
