lastlocation:
  world: world
  x: 9193.5
  y: 90.0
  z: 9550.5
  yaw: -355.01324
  pitch: 89.24999
timestamps:
  login: 1378117552715
  logout: 1378117637865
ipAddress: 90.21.250.94
logoutlocation:
  world: world
  x: 9193.300052864173
  y: 88.0
  z: 9569.434617434825
  yaw: -183.75018
  pitch: 9.300003
