lastlocation:
  world: world
  x: 9193.5
  y: 90.0
  z: 9550.5
  yaw: -353.66324
  pitch: 90.0
timestamps:
  login: 1377895332274
  logout: 1377895428395
ipAddress: 189.103.137.4
logoutlocation:
  world: world
  x: 9218.65163870494
  y: 89.0
  z: 9550.356512656936
  yaw: 80.850006
  pitch: 11.700003
