lastlocation:
  world: world
  x: 9237.97271807314
  y: 90.0
  z: 9550.879663933469
  yaw: 222.60255
  pitch: 77.30159
timestamps:
  login: 1378491647019
  logout: 1378491737937
ipAddress: 85.27.85.5
logoutlocation:
  world: world
  x: 9237.494761304279
  y: 90.0
  z: 9552.535025692228
  yaw: 13.05257
  pitch: 10.401605
