lastlocation:
  world: world
  x: 9166.998427753862
  y: 89.0
  z: 9550.021339469678
  yaw: 235.80202
  pitch: 6.899975
timestamps:
  login: 1379175789547
  logout: 1379175881020
ipAddress: 79.84.225.12
logoutlocation:
  world: world
  x: 9196.873737984488
  y: 90.0
  z: 9552.699999988079
  yaw: 303.4537
  pitch: 34.799988
