lastlocation:
  world: world
  x: 9167.028119623414
  y: 89.0
  z: 9550.055909077895
  yaw: -282.45007
  pitch: 4.350008
timestamps:
  login: 1378199397290
  logout: 1378199457700
ipAddress: 92.151.1.219
logoutlocation:
  world: world
  x: 9213.539289301543
  y: 88.0
  z: 9551.204774555921
  yaw: 97.79985
  pitch: 8.550027
