lastlocation:
  world: world
  x: 9167.221455332407
  y: 89.0
  z: 9550.208003607146
  yaw: 271.052
  pitch: 7.5516005
timestamps:
  login: 1378221131087
  logout: 1378221203774
ipAddress: 80.9.135.31
logoutlocation:
  world: world
  x: 9167.221455332407
  y: 89.0
  z: 9550.208003607146
  yaw: 91.052
  pitch: 7.5516005
