lastlocation:
  world: world
  x: 9193.5
  y: 90.0
  z: 9550.5
  yaw: -353.66324
  pitch: 90.0
timestamps:
  login: 1377718191585
  logout: 1377718193040
ipAddress: 82.229.64.61
logoutlocation:
  world: world
  x: 9148.688090582578
  y: 88.5
  z: 9550.741330145538
  yaw: 97.35167
  pitch: 5.2303996
