lastlocation:
  world: world
  x: 9195.5
  y: 90.0
  z: 9551.5
  yaw: 93.75228
  pitch: 21.801577
timestamps:
  login: 1379244958674
  logout: 1379245017724
ipAddress: 90.53.211.48
logoutlocation:
  world: world
  x: 9195.59896686435
  y: 90.0
  z: 9551.504898855215
  yaw: 93.75228
  pitch: 21.801577
