timestamps:
  login: 1377536343590
  logout: 1377536349699
ipAddress: 86.71.3.227
lastlocation:
  world: world
  x: 9222.5
  y: -1.0
  z: 9712.5
  yaw: 0.0
  pitch: 0.0
logoutlocation:
  world: world
  x: 9181.631542283323
  y: 88.0
  z: 9549.421891308313
  yaw: -82.61335
  pitch: 20.25002
