timestamps:
  login: 1378116230490
  logout: 1378116256328
ipAddress: 88.172.190.187
lastlocation:
  world: world
  x: 9724.5
  y: -1.6860000133514401
  z: 9700.5
  yaw: 0.0
  pitch: 0.0
logoutlocation:
  world: world
  x: 9218.167308827047
  y: 89.0
  z: 9551.425554793606
  yaw: -244.80473
  pitch: 12.120095
