lastlocation:
  world: world
  x: 9195.59896686435
  y: 90.0
  z: 9551.504898855215
  yaw: 93.75228
  pitch: 21.801577
timestamps:
  login: 1378647707474
  logout: 1378647728150
ipAddress: 217.162.103.171
logoutlocation:
  world: world
  x: 9195.59896686435
  y: 90.0
  z: 9551.504898855215
  yaw: 93.75228
  pitch: 21.801577
