lastlocation:
  world: world
  x: 9193.5
  y: 90.0
  z: 9550.5
  yaw: -353.66324
  pitch: 90.0
timestamps:
  login: 1378118261162
  logout: 1378118264561
ipAddress: 109.10.142.118
logoutlocation:
  world: world
  x: 9193.251619189125
  y: 86.0
  z: 9484.611122647362
  yaw: 191.39996
  pitch: -7.799998
