lastlocation:
  world: world
  x: 9193.381899653856
  y: 89.0
  z: 9596.928593242441
  yaw: 181.84943
  pitch: -0.5094845
timestamps:
  login: 1378294410624
  logout: 1378294439886
ipAddress: 82.228.228.4
logoutlocation:
  world: world
  x: 9193.381899653856
  y: 89.0
  z: 9596.928593242441
  yaw: 181.84943
  pitch: -0.5094845
