lastlocation:
  world: world
  x: 9193.0
  y: 92.0
  z: 9550.0
  yaw: 0.0
  pitch: 0.0
timestamps:
  login: 1378132339186
  logout: 1378132398938
ipAddress: 109.106.75.143
logoutlocation:
  world: world
  x: 9193.38555000909
  y: 90.52936759557846
  z: 9595.040319297814
  yaw: -4.0499573
  pitch: 26.699991
