lastlocation:
  world: world
  x: 9615.5
  y: -1.0
  z: 8683.5
  yaw: 0.0
  pitch: 0.0
timestamps:
  login: 1378040321615
  logout: 1378040339430
ipAddress: 86.214.197.192
logoutlocation:
  world: world
  x: 9194.73160946991
  y: 86.0
  z: 9484.37873380721
  yaw: 121.986824
  pitch: -5.2499924
