timestamps:
  login: 1377701950698
  logout: 1377701973755
ipAddress: 89.95.19.28
lastlocation:
  world: world
  x: 9896.5
  y: -1.6860000133514401
  z: 8747.5
  yaw: 25.349998
  pitch: 18.599998
logoutlocation:
  world: world
  x: 9238.584978237004
  y: 90.0
  z: 9550.30878976863
  yaw: -83.66722
  pitch: 41.099716
