lastlocation:
  world: world
  x: 9193.5
  y: 90.0
  z: 9550.5
  yaw: -353.66324
  pitch: 90.0
timestamps:
  login: 1377982622003
  logout: 1377982631560
ipAddress: 24.230.253.92
logoutlocation:
  world: world
  x: 9193.562858803938
  y: 88.0
  z: 9557.451759652948
  yaw: 1.5
  pitch: 12.000001
