lastlocation:
  world: world
  x: 9193.0
  y: 92.0
  z: 9550.0
  yaw: 0.0
  pitch: 0.0
timestamps:
  login: 1377609457415
  logout: 1377609517853
ipAddress: 92.138.21.232
logoutlocation:
  world: world
  x: 9193.630843435198
  y: 88.0
  z: 9594.11412023904
  yaw: 5.4000535
  pitch: -17.099998
