lastlocation:
  world: world
  x: 9193.166310765222
  y: 89.0
  z: 9596.996482684817
  yaw: 153.78955
  pitch: 23.401794
timestamps:
  login: 1378496474796
  logout: 1378496883412
ipAddress: 82.247.76.168
logoutlocation:
  world: world
  x: 9195.300000011921
  y: 88.0
  z: 9598.315830928565
  yaw: 95.8042
  pitch: -10.434187
