lastlocation:
  world: world
  x: 9193.5
  y: 90.0
  z: 9550.5
  yaw: -351.50415
  pitch: 88.04659
timestamps:
  login: 1377801834704
  logout: 1377801890743
ipAddress: 89.227.98.61
logoutlocation:
  world: world
  x: 9192.67692708584
  y: 89.0
  z: 9525.26662801325
  yaw: -164.95227
  pitch: 3.7011113
