lastlocation:
  world: world
  x: 9193.737558234694
  y: 89.0
  z: 9507.01516804347
  yaw: 218.10272
  pitch: 22.5
timestamps:
  login: 1378833969490
  logout: 1378833971340
ipAddress: 83.113.219.160
logoutlocation:
  world: world
  x: 9193.737558234694
  y: 89.0
  z: 9507.01516804347
  yaw: 38.102722
  pitch: 22.5
