lastlocation:
  world: world
  x: 9194.311390178666
  y: 89.0
  z: 9524.062138043208
  yaw: 4.952472
  pitch: 31.551584
timestamps:
  login: 1378551962261
  logout: 1378552206009
ipAddress: 89.93.90.38
logoutlocation:
  world: world
  x: 9193.600919930142
  y: 88.0
  z: 9593.760423320395
  yaw: 4.9525514
  pitch: 18.60002
