lastlocation:
  world: world
  x: 9195.5
  y: 90.0
  z: 9551.5
  yaw: 93.75228
  pitch: 21.801577
timestamps:
  login: 1378918231847
  logout: 1378918270413
ipAddress: 109.10.223.28
logoutlocation:
  world: world
  x: 9187.767082229688
  y: 88.5
  z: 9550.872155330955
  yaw: 265.13083
  pitch: 20.803251
