timestamps:
  login: 1378291880401
  logout: 1378291887012
ipAddress: 89.90.77.217
lastlocation:
  world: world
  x: 8270.5
  y: -1.2940000057220458
  z: 9734.5
  yaw: 0.0
  pitch: 0.0
logoutlocation:
  world: world
  x: 9194.282706972142
  y: 89.0
  z: 9525.918791875718
  yaw: 169.97371
  pitch: 16.375305
