lastlocation:
  world: world
  x: 9219.00579562226
  y: 89.0
  z: 9550.95569155699
  yaw: 268.35245
  pitch: -2.1983833
timestamps:
  login: 1378472670798
  logout: 1378472853144
ipAddress: 77.196.60.108
logoutlocation:
  world: world
  x: 9181.898081081668
  y: 88.0
  z: 9549.404145162836
  yaw: 337.5024
  pitch: 0.8016128
