lastlocation:
  world: world
  x: 9195.5
  y: 90.0
  z: 9551.5
  yaw: 93.75228
  pitch: 21.801577
timestamps:
  login: 1378325610789
  logout: 1378325697469
ipAddress: 178.82.113.39
logoutlocation:
  world: world
  x: 9193.361560285459
  y: 90.0
  z: 9548.839631419383
  yaw: 189.0235
  pitch: 13.199986
