lastlocation:
  world: world
  x: 9193.0
  y: 92.0
  z: 9550.0
  yaw: 0.0
  pitch: 0.0
timestamps:
  login: 1377805197168
  logout: 1377805242506
ipAddress: 187.78.48.81
logoutlocation:
  world: world
  x: 9193.332539556084
  y: 88.5
  z: 9528.194562392113
  yaw: -177.75006
  pitch: 10.799997
