lastlocation:
  world: world
  x: 9193.0
  y: 92.0
  z: 9550.0
  yaw: 0.0
  pitch: 0.0
timestamps:
  login: 1378148473696
  logout: 1378148482433
ipAddress: 81.240.84.245
logoutlocation:
  world: world_the_end
  x: 19.5
  y: 61.0
  z: 26.5
  yaw: 276.81622
  pitch: -2.160019
