lastlocation:
  world: world
  x: 9238.003505206876
  y: 90.0
  z: 9550.827665309293
  yaw: 90.230774
  pitch: 39.989635
timestamps:
  login: 1378289518678
  logout: 1378289584215
  lastteleport: 1378135986828
ipAddress: 90.48.81.130
logoutlocation:
  world: world
  x: 9232.568993353183
  y: 89.0
  z: 9551.493489474848
  yaw: -84.65951
  pitch: 20.394938
