lastlocation:
  world: world
  x: 9193.0
  y: 92.0
  z: 9550.0
  yaw: 0.0
  pitch: 0.0
timestamps:
  login: 1378042544253
  logout: 1378042549605
ipAddress: 189.50.159.166
logoutlocation:
  world: world
  x: 9193.5
  y: 90.0
  z: 9550.5
  yaw: -350.05234
  pitch: 84.028244
