lastlocation:
  world: world
  x: 9193.5
  y: 90.0
  z: 9550.5
  yaw: -353.66324
  pitch: 90.0
timestamps:
  login: 1377949506728
  logout: 1377949509177
ipAddress: 90.12.95.218
logoutlocation:
  world: world
  x: 9193.365473599095
  y: 88.0
  z: 9560.452922594379
  yaw: 1.3499951
  pitch: 17.25
