lastlocation:
  world: world
  x: 9195.5
  y: 90.0
  z: 9551.5
  yaw: 90.61886
  pitch: 22.78078
timestamps:
  login: 1378496539820
  logout: 1378496623376
ipAddress: 184.175.21.123
logoutlocation:
  world: world
  x: 9194.381499142944
  y: 90.0
  z: 9551.319787799253
  yaw: -205.71039
  pitch: 27.086823
