lastlocation:
  world: world
  x: 9193.82592791867
  y: 89.0
  z: 9507.086768657195
  yaw: 183.4538
  pitch: 12.6516285
timestamps:
  login: 1378806022188
  logout: 1378806287426
ipAddress: 80.238.175.166
logoutlocation:
  world: world
  x: 9193.820031026271
  y: 89.0
  z: 9507.184591070043
  yaw: 3.4537964
  pitch: 12.6516285
