lastlocation:
  world: world
  x: 9193.5
  y: 90.0
  z: 9550.5
  yaw: -353.66324
  pitch: 90.0
timestamps:
  login: 1378135982178
  logout: 1378136039279
ipAddress: 62.35.222.32
logoutlocation:
  world: world
  x: 9197.535443001734
  y: 88.0
  z: 9524.721869949477
  yaw: -83.61219
  pitch: 39.224674
