lastlocation:
  world: world
  x: 9232.24107840673
  y: 48.0
  z: 9328.266802739352
  yaw: -46.022335
  pitch: -1.5456159
timestamps:
  login: 1378216444312
  logout: 1378216455498
  lastteleport: 1378208623119
ipAddress: 83.153.173.65
logoutlocation:
  world: world
  x: 9182.95609727627
  y: 90.1116330269739
  z: 9550.316244570371
  yaw: -102.24133
  pitch: 72.1824
