lastlocation:
  world: world
  x: 9193.16775813842
  y: 89.0
  z: 9577.995680132144
  yaw: 185.10236
  pitch: 12.750008
timestamps:
  login: 1378636909583
  logout: 1378636932188
ipAddress: 82.212.129.81
logoutlocation:
  world: world
  x: 9193.23471357025
  y: 88.0
  z: 9575.232637262416
  yaw: 3.4523556
  pitch: 39.450005
