lastlocation:
  world: world
  x: 9195.5
  y: 90.0
  z: 9551.5
  yaw: 91.42287
  pitch: 24.130995
timestamps:
  login: 1378556638685
  logout: 1378556639135
ipAddress: 31.32.2.61
logoutlocation:
  world: world
  x: 9170.66636689302
  y: 88.0
  z: 9550.292809103847
  yaw: -89.27336
  pitch: 0.8368225
