lastlocation:
  world: world
  x: 9193.5
  y: 90.0
  z: 9550.5
  yaw: -354.71323
  pitch: 83.85
timestamps:
  login: 1378041119439
  logout: 1378041336364
ipAddress: 88.184.156.144
logoutlocation:
  world: world
  x: 9216.199999988079
  y: 88.6198564269099
  z: 9549.581511088958
  yaw: -172.50003
  pitch: 6.4499884
