lastlocation:
  world: world
  x: 9193.0
  y: 92.0
  z: 9550.0
  yaw: 0.0
  pitch: 0.0
timestamps:
  login: 1377940181668
  logout: 1377940196124
ipAddress: 86.221.199.29
logoutlocation:
  world: world
  x: 9193.0
  y: 90.0
  z: 9550.0
  yaw: -14.099999
  pitch: 9.749999
