lastlocation:
  world: world
  x: 9193.5
  y: 90.0
  z: 9550.5
  yaw: -355.01324
  pitch: 85.8
timestamps:
  login: 1377714300419
  logout: 1377714399869
ipAddress: 78.235.61.244
logoutlocation:
  world: world
  x: 9194.384164046702
  y: 90.0
  z: 9549.08191549205
  yaw: -295.79974
  pitch: 17.549994
