lastlocation:
  world: world
  x: 9195.59896686435
  y: 90.0
  z: 9551.504898855215
  yaw: 93.75228
  pitch: 21.801577
timestamps:
  login: 1378641390480
  logout: 1378641407606
ipAddress: 109.14.32.185
logoutlocation:
  world: world
  x: 9195.5
  y: 90.0
  z: 9551.5
  yaw: 93.902275
  pitch: 22.701574
