lastlocation:
  world: world
  x: 9193.5
  y: 90.0
  z: 9550.5
  yaw: -350.05905
  pitch: 90.0
timestamps:
  login: 1377775881406
  logout: 1377775932417
ipAddress: 62.35.186.168
logoutlocation:
  world: world
  x: 9193.774191620685
  y: 89.0
  z: 9596.578527959704
  yaw: 5.3575706
  pitch: -7.8415413
