lastlocation:
  world: world
  x: 9195.5
  y: 90.0
  z: 9551.5
  yaw: 93.15228
  pitch: 20.751577
timestamps:
  login: 1378577682480
  logout: 1378577721639
ipAddress: 78.114.240.247
logoutlocation:
  world: world
  x: 9193.935380993678
  y: 88.0
  z: 9594.175015989757
  yaw: 48.30228
  pitch: 7.551576
