lastlocation:
  world: world
  x: 9193.5
  y: 90.0
  z: 9550.5
  yaw: -353.36325
  pitch: 89.85
timestamps:
  login: 1377637651878
  logout: 1377637652027
ipAddress: 89.226.227.51
logoutlocation:
  world: world
  x: 9239.665616984803
  y: 91.20000004768372
  z: 9549.300000011921
  yaw: 51.450424
  pitch: 54.6
