timestamps:
  login: 1377641854198
  logout: 1377641992818
ipAddress: 201.25.54.7
lastlocation:
  world: world
  x: 9860.5
  y: -1.6860000133514401
  z: 9553.5
  yaw: 0.0
  pitch: 0.0
logoutlocation:
  world: world
  x: 9190.134824547511
  y: 88.0
  z: 9575.907468503872
  yaw: 270.48682
  pitch: -90.0
