lastlocation:
  world: world
  x: 9193.5
  y: 90.0
  z: 9550.5
  yaw: -353.66324
  pitch: 90.0
timestamps:
  login: 1378134133851
  logout: 1378134328853
ipAddress: 82.224.185.98
logoutlocation:
  world: world
  x: 9193.732142348901
  y: 89.0
  z: 9596.690243759962
  yaw: -359.56305
  pitch: 5.2054286
