lastlocation:
  world: world
  x: 9195.5
  y: 90.0
  z: 9551.5
  yaw: 92.70228
  pitch: 21.801577
timestamps:
  login: 1378494190890
  logout: 1378494323215
ipAddress: 90.1.178.49
logoutlocation:
  world: world
  x: 9170.469900055014
  y: 88.0
  z: 9550.880403605506
  yaw: -40.947876
  pitch: 2.9015527
