lastlocation:
  world: world
  x: 9193.0
  y: 92.0
  z: 9550.0
  yaw: 0.0
  pitch: 0.0
timestamps:
  login: 1378086950854
  logout: 1378087002661
ipAddress: 96.125.199.221
logoutlocation:
  world: world
  x: 9188.248718601995
  y: 94.50599363647444
  z: 9546.083377521862
  yaw: -72.2999
  pitch: 4.35
afk: false
