lastlocation:
  world: world
  x: 9193.47518245933
  y: 89.0
  z: 9507.014162761678
  yaw: 181.03546
  pitch: 18.217007
timestamps:
  login: 1378918455518
  logout: 1378918492986
ipAddress: 88.174.54.53
logoutlocation:
  world: world
  x: 9193.47518245933
  y: 89.0
  z: 9507.014162761678
  yaw: 1.0354614
  pitch: 18.217007
