lastlocation:
  world: world
  x: 9193.0
  y: 92.0
  z: 9550.0
  yaw: 0.0
  pitch: 0.0
timestamps:
  login: 1378139718549
  logout: 1378139806768
ipAddress: 90.84.146.238
logoutlocation:
  world: world
  x: 9193.808955811333
  y: 90.0
  z: 9552.465256950041
  yaw: -284.69986
  pitch: 15.600008
