jails: 
  powerlost: 
    world: world
    x: 24.53734477498636
    y: 64.0
    z: 6.497591280753522
    yaw: 168.99847
    pitch: 88.1568
  honte: 
    world: world
    x: 9161.742966792359
    y: 72.0
    z: 9563.248194560369
    yaw: -266.18106
    pitch: 2.1407936
