spawns: 
  default: 
    world: world
    x: 9198.208156884722
    y: 73.0
    z: 9549.248034433522
    yaw: -270.3141
    pitch: 8.9184065
