jails: 
  jail: 
    world: world
    x: 11.308718224677989
    y: 70.0
    z: 97.52562273445369
    yaw: 90.71385
    pitch: 2.8219945
  1: 
    world: world
    x: 53.069606817040125
    y: 63.0
    z: -121.00742705483373
    yaw: 134.25049
    pitch: 26.716784
  newjail: 
    world: world
    x: 116.60797687654305
    y: 68.0
    z: -316.3767538906991
    yaw: 88.639565
    pitch: -2.0999937
