spawns: 
  default: 
    world: world
    x: 71.70284366395708
    y: 76.0
    z: -315.2999875457084
    yaw: -91.5224
    pitch: -2.7744126
