lastlocation:
  world: world
  x: 9198.0
  y: 73.0
  z: 9549.0
  yaw: 0.0
  pitch: 0.0
timestamps:
  login: 1374202148840
  logout: 1374202158297
ipAddress: 177.82.26.202
logoutlocation:
  world: world
  x: 9198.5
  y: 73.0
  z: 9549.5
  yaw: -276.16403
  pitch: 9.368407
money: '100.0'
