lastlocation:
  world: world
  x: 9198.5
  y: 73.0
  z: 9549.5
  yaw: -270.3141
  pitch: 8.9184065
timestamps:
  login: 1373913688816
  logout: 1373913724729
ipAddress: 177.158.135.95
logoutlocation:
  world: world
  x: 9198.340655971113
  y: 72.0
  z: 9561.864231150581
  yaw: -102.749985
  pitch: -3.7500005
money: '100.0'
