lastlocation:
  world: world
  x: 9195.939334274472
  y: 73.0
  z: 9548.830774572554
  yaw: -301.5141
  pitch: 17.768414
timestamps:
  login: 1375210135770
  lastteleport: 1375210567641
  logout: 1375210606792
  kits:
    firework: 1375210404696
    color: 1375210371196
    start: 1375210317747
    notch: 1375210286346
ipAddress: 94.99.62.88
logoutlocation:
  world: world
  x: 10062.339121911811
  y: 123.0
  z: -10071.362097493055
  yaw: 22.98169
  pitch: 43.499905
money: '108.0'
