lastlocation:
  world: world
  x: 9198.5
  y: 73.0
  z: 9549.5
  yaw: -270.3141
  pitch: 8.9184065
timestamps:
  login: 1372985035298
  logout: 1372985241988
ipAddress: 90.148.4.42
logoutlocation:
  world: world
  x: 9190.695959511188
  y: 72.0
  z: 9551.53896156005
  yaw: 28.049988
  pitch: 47.249996
money: '106.0'
