lastlocation:
  world: world
  x: 9198.0
  y: 73.0
  z: 9549.0
  yaw: 0.0
  pitch: 0.0
timestamps:
  login: 1374798756772
  lastteleport: 1374794479213
  logout: 1374798770463
ipAddress: 201.95.39.162
logoutlocation:
  world: world
  x: 9194.223127600993
  y: 72.0
  z: 9549.299620462938
  yaw: -314.56406
  pitch: 56.018406
money: '121.0'
