lastlocation:
  world: world
  x: 9118.715188638585
  y: 80.93066348947002
  z: 9559.895907506556
  yaw: -228.91437
  pitch: 35.0184
timestamps:
  login: 1377217687500
  logout: 1377218145608
  kits:
    start: 1377217463655
  lastteleport: 1377217957098
ipAddress: 2.90.157.98
logoutlocation:
  world: world
  x: 9143.504899713545
  y: 67.0
  z: 9559.895907506556
  yaw: -228.91437
  pitch: 35.0184
