lastlocation:
  world: world
  x: 9198.5
  y: 73.0
  z: 9549.5
  yaw: -270.3141
  pitch: 8.9184065
timestamps:
  login: 1373746447602
  logout: 1373750511341
ipAddress: 5.245.214.201
afk: false
logoutlocation:
  world: world
  x: 9178.40607323083
  y: 72.0
  z: 9548.146563602453
  yaw: -332.0999
  pitch: 40.199974
money: '234.0'
