lastlocation:
  world: world
  x: 9198.0
  y: 73.0
  z: 9549.0
  yaw: 0.0
  pitch: 0.0
timestamps:
  login: 1374779061361
  logout: 1374779093624
ipAddress: 81.251.238.253
logoutlocation:
  world: world
  x: 9198.5
  y: 73.0
  z: 9549.5
  yaw: -271.23938
  pitch: 12.002734
money: '100.0'
