lastlocation:
  world: world
  x: 9198.0
  y: 73.0
  z: 9549.0
  yaw: 0.0
  pitch: 0.0
timestamps:
  login: 1373548658621
  logout: 1373548671851
ipAddress: 176.44.19.125
logoutlocation:
  world: world
  x: 9198.5
  y: 73.0
  z: 9549.5
  yaw: -270.68787
  pitch: 8.357723
money: '100.0'
