lastlocation:
  world: world
  x: 9135.9971751837
  y: 67.0
  z: 9548.894415202922
  yaw: -11.414054
  pitch: 11.1684065
timestamps:
  login: 1377196770149
  logout: 1377196876825
ipAddress: 83.60.245.4
logoutlocation:
  world: world
  x: 9123.310700884109
  y: 63.0
  z: 9530.699999988079
  yaw: 111.28596
  pitch: 17.918413
