lastlocation:
  world: world
  x: 9198.5
  y: 73.0
  z: 9549.5
  yaw: -270.3141
  pitch: 8.9184065
timestamps:
  login: 1374454678293
  logout: 1374454771392
ipAddress: 188.53.116.218
logoutlocation:
  world: world
  x: 9202.902090245321
  y: 72.0
  z: 9535.888432376485
  yaw: 8.700073
  pitch: 4.800002
money: '102.0'
