lastlocation:
  world: world
  x: 9128.504832781673
  y: 69.0
  z: 9574.037854022721
  yaw: 181.0356
  pitch: 19.950026
timestamps:
  login: 1374835318229
  logout: 1374777691125
ipAddress: 78.119.131.108
logoutlocation:
  world: world
  x: 9134.787822556073
  y: 90.24918707874468
  z: 9572.56555113061
  yaw: 92.08556
  pitch: 64.95004
money: '119.0'
