lastlocation:
  world: world
  x: 9198.0
  y: 73.0
  z: 9549.0
  yaw: 0.0
  pitch: 0.0
timestamps:
  login: 1374374641032
  logout: 1374374663151
ipAddress: 201.92.53.124
logoutlocation:
  world: world
  x: 9198.5
  y: 73.0
  z: 9549.5
  yaw: -272.41876
  pitch: 6.4310856
money: '100.0'
