lastlocation:
  world: world
  x: 9148.051218568802
  y: 71.10408037809304
  z: 9549.86454898492
  yaw: -279.74945
  pitch: 20.549992
timestamps:
  login: 1374348289200
  kits:
    color: 1374348509131
    start: 1374348492544
    firework: 1374348351179
    notch: 1374348586235
  logout: 1374349063276
ipAddress: 90.1.57.252
logoutlocation:
  world: world
  x: 9054.765086003546
  y: 72.0
  z: 9643.002138730877
  yaw: -128.99866
  pitch: -7.9500184
money: '126.0'
