lastlocation:
  world: world
  x: 9148.122904681155
  y: 70.0
  z: 9548.121547564946
  yaw: 112.48601
  pitch: 30.218403
timestamps:
  login: 1374767994952
  logout: 1374767982300
ipAddress: 188.251.65.170
logoutlocation:
  world: world
  x: 9301.10148104805
  y: 72.0
  z: 9515.300000011921
  yaw: 349.48615
  pitch: 24.368402
money: '242.0'
