lastlocation:
  world: world
  x: 9132.672395547408
  y: 67.0
  z: 9554.115394480366
  yaw: -183.90005
  pitch: -5.4000006
timestamps:
  login: 1373492111901
  logout: 1373492567394
ipAddress: 189.29.231.57
logoutlocation:
  world: world
  x: 9143.641367150343
  y: 62.396636767083514
  z: 9626.955624577591
  yaw: 207.29999
  pitch: -9.449992
money: '119.0'
