lastlocation:
  world: world
  x: 9151.940066204317
  y: 67.0
  z: 9537.59764803095
  yaw: -101.25068
  pitch: 14.999961
timestamps:
  login: 1372896846267
  logout: 1372897065884
ipAddress: 177.69.188.169
logoutlocation:
  world: world
  x: 9192.839046821346
  y: 67.0
  z: 9516.167941998554
  yaw: -84.30062
  pitch: 18.149956
money: '106.0'
