lastlocation:
  world: world
  x: 9198.5
  y: 73.0
  z: 9549.5
  yaw: -270.3141
  pitch: 8.9184065
timestamps:
  login: 1372715804142
  logout: 1372715987641
ipAddress: 186.153.118.102
logoutlocation:
  world: world
  x: 9217.16270782226
  y: 73.0
  z: 9550.817469132218
  yaw: -331.71515
  pitch: 90.0
money: '106.0'
