lastlocation:
  world: world
  x: 9152.15548167581
  y: 72.0
  z: 9556.031099441501
  yaw: 87.14993
  pitch: 20.849987
timestamps:
  login: 1374636697495
  logout: 1374636937252
ipAddress: 187.52.151.120
logoutlocation:
  world: world
  x: 9136.716002716415
  y: 67.0
  z: 9528.893689932689
  yaw: 136.04987
  pitch: 19.949984
money: '108.0'
