lastlocation:
  world: world
  x: 9129.457761968593
  y: 67.26636799395752
  z: 9550.516832137453
  yaw: 0.0
  pitch: 0.0
money: '99.0'
