lastlocation:
  world: world
  x: 9129.915634566378
  y: 67.0
  z: 9550.470187900795
  yaw: 0.0
  pitch: 0.0
money: '99.0'
