lastlocation:
  world: world
  x: 9148.207902668668
  y: 70.0
  z: 9548.144013069825
  yaw: -271.93793
  pitch: -28.673838
timestamps:
  login: 1374259803287
  logout: 1374259929593
ipAddress: 177.101.191.87
logoutlocation:
  world: world
  x: 9198.208156884722
  y: 73.0
  z: 9549.248034433522
  yaw: -270.3141
  pitch: 8.9184065
money: '103.0'
