lastlocation:
  world: world
  x: 9198.5
  y: 73.0
  z: 9549.5
  yaw: -270.3141
  pitch: 8.9184065
timestamps:
  login: 1374478846565
  logout: 1374478917692
ipAddress: 187.59.9.132
logoutlocation:
  world: world
  x: 9192.087860959626
  y: 72.0
  z: 9537.943181026143
  yaw: -93.22409
  pitch: 21.53691
money: '102.0'
