lastlocation:
  world: world
  x: 9151.906758923515
  y: 67.0
  z: 9539.699999988079
  yaw: -83.85902
  pitch: -1.3310964
timestamps:
  login: 1372832690926
  logout: 1372832770627
ipAddress: 90.35.204.110
logoutlocation:
  world: world
  x: 9146.181428451857
  y: 67.0
  z: 9536.640819595495
  yaw: -327.4495
  pitch: -13.976504
money: '102.0'
