lastlocation:
  world: world
  x: 9124.676748551086
  y: 103.46906598197572
  z: 9558.358224737924
  yaw: 192.30132
  pitch: 80.69995
timestamps:
  login: 1372910756278
  logout: 1372911431276
ipAddress: 80.8.45.42
logoutlocation:
  world: world
  x: 9109.350846231431
  y: 65.0
  z: 9567.303711374558
  yaw: 282.00143
  pitch: 41.399956
money: '122.0'
