lastlocation:
  world: world
  x: 9198.5
  y: 73.0
  z: 9549.5
  yaw: -270.3141
  pitch: 8.9184065
timestamps:
  login: 1373111713959
  logout: 1373111738076
ipAddress: 200.160.74.106
logoutlocation:
  world: world
  x: 9198.0
  y: 73.0
  z: 9549.0
  yaw: -4.2205434
  pitch: 0.0
money: '100.0'
