lastlocation:
  world: world
  x: 9198.5
  y: 73.0
  z: 9549.5
  yaw: -270.36462
  pitch: 8.211071
timestamps:
  login: 1373599316781
  logout: 1373599565760
ipAddress: 187.52.83.26
logoutlocation:
  world: world
  x: 9188.12874559527
  y: 72.0
  z: 9543.586069979694
  yaw: 117.77138
  pitch: -7.780684
money: '108.0'
