lastlocation:
  world: world
  x: 9143.045387335638
  y: 73.53968665793388
  z: 9555.760651145212
  yaw: 102.40695
  pitch: 22.587217
timestamps:
  login: 1373162799486
  logout: 1373163067556
ipAddress: 187.74.101.15
logoutlocation:
  world: world
  x: 9138.627538379684
  y: 67.0
  z: 9520.300000011921
  yaw: 19.058197
  pitch: 28.53121
money: '92.0'
