lastlocation:
  world: world
  x: 9142.672292928337
  y: 71.70883391333994
  z: 9552.076626231592
  yaw: -284.86414
  pitch: -4.581598
timestamps:
  login: 1376063065293
  logout: 1376063221243
ipAddress: 177.8.49.34
logoutlocation:
  world: world
  x: 9109.272741662695
  y: 65.20000004768372
  z: 9568.063358873449
  yaw: -304.21442
  pitch: 51.21846
money: '54.0'
