lastlocation:
  world: world
  x: 9198.0
  y: 73.0
  z: 9549.0
  yaw: 0.0
  pitch: 0.0
timestamps:
  login: 1373899633769
  logout: 1373899869946
  lastteleport: 1373144706208
ipAddress: 86.199.190.144
logoutlocation:
  world: world
  x: 9192.811959127544
  y: 61.0
  z: 9546.826726775971
  yaw: 312.29196
  pitch: 16.807425
money: '78.0'
