lastlocation:
  world: world
  x: 9198.5
  y: 73.0
  z: 9549.5
  yaw: -270.3141
  pitch: 8.9184065
timestamps:
  login: 1373377407609
  logout: 1373377502368
ipAddress: 90.24.179.184
logoutlocation:
  world: world
  x: 9109.300883645561
  y: 62.0
  z: 9425.00393490621
  yaw: 328.70428
  pitch: 4.677005
money: '122.0'
