lastlocation:
  world: world
  x: 9198.5
  y: 73.0
  z: 9549.5
  yaw: -270.3141
  pitch: 8.9184065
timestamps:
  login: 1374599839952
  logout: 1374599975857
ipAddress: 88.188.204.107
logoutlocation:
  world: world
  x: 9192.15532644584
  y: 72.0
  z: 9538.74666506055
  yaw: 161.54994
  pitch: 17.1
money: '104.0'
