lastlocation:
  world: world
  x: 9198.0
  y: 73.0
  z: 9549.0
  yaw: 0.0
  pitch: 0.0
timestamps:
  login: 1374510174574
  logout: 1374510198220
ipAddress: 89.94.39.60
logoutlocation:
  world: world
  x: 9198.5
  y: 73.0
  z: 9549.5
  yaw: -265.31052
  pitch: 10.669667
money: '100.0'
