lastlocation:
  world: world
  x: 9123.331678081737
  y: 72.0
  z: 9572.87569124794
  yaw: 0.0
  pitch: 0.0
money: '99.0'
