lastlocation:
  world: world
  x: 9121.491499761167
  y: 72.0
  z: 9572.777596601032
  yaw: 0.0
  pitch: 0.0
money: '99.0'
