lastlocation:
  world: world
  x: 9122.504035763786
  y: 72.0
  z: 9574.524999511274
  yaw: 0.0
  pitch: 0.0
money: '99.0'
