lastlocation:
  world: world
  x: 9122.292094943878
  y: 72.0
  z: 9574.526371292344
  yaw: 0.0
  pitch: 0.0
money: '99.0'
