lastlocation:
  world: world
  x: 9120.925000011921
  y: 72.0
  z: 9571.925000011921
  yaw: 0.0
  pitch: 0.0
money: '99.0'
