lastlocation:
  world: world
  x: 9148.174225644474
  y: 70.0
  z: 9549.400005358753
  yaw: -265.37872
  pitch: 42.821815
timestamps:
  login: 1372800237623
  logout: 1372800812468
ipAddress: 85.26.86.43
logoutlocation:
  world: world
  x: 9185.596550247883
  y: 58.65284781138324
  z: 9480.997997797398
  yaw: -90.25604
  pitch: -90.0
money: '117.0'
