lastlocation:
  world: world
  x: 9198.5
  y: 73.0
  z: 9549.5
  yaw: -270.3141
  pitch: 8.9184065
timestamps:
  login: 1372790516166
  logout: 1372790633133
ipAddress: 177.194.120.121
logoutlocation:
  world: world
  x: 9176.167784790196
  y: 72.0
  z: 9553.048917917731
  yaw: 280.80005
  pitch: 41.850002
money: '102.0'
