lastlocation:
  world: world
  x: 9198.5
  y: 73.0
  z: 9549.5
  yaw: -270.3141
  pitch: 8.9184065
timestamps:
  login: 1373990389411
  logout: 1373990493050
ipAddress: 189.59.104.51
logoutlocation:
  world: world
  x: 9197.405136652385
  y: 73.0
  z: 9550.20417476128
  yaw: -66.899994
  pitch: 27.149998
money: '102.0'
