lastlocation:
  world: world
  x: 9198.5
  y: 73.0
  z: 9549.5
  yaw: -267.9141
  pitch: 6.818406
timestamps:
  login: 1373289443912
  logout: 1373289487708
ipAddress: 83.201.148.148
logoutlocation:
  world: world
  x: 9196.577523059108
  y: 72.5
  z: 9546.8231949358
  yaw: 184.34999
  pitch: 12.15
money: '100.0'
