lastlocation:
  world: world
  x: 9198.5
  y: 73.0
  z: 9549.5
  yaw: -270.6406
  pitch: 8.9184065
timestamps:
  login: 1372715340155
  logout: 1372715575142
ipAddress: 89.156.132.48
logoutlocation:
  world: world
  x: 9118.565230857927
  y: 67.0
  z: 9577.421738505982
  yaw: 247.78339
  pitch: 15.454898
money: '106.0'
