timestamps:
  login: 1376335258203
  lastteleport: 1376335281258
  logout: 1376335302134
ipAddress: 189.29.163.73
lastlocation:
  world: world
  x: 9198.5
  y: 73.0
  z: 9549.5
  yaw: -270.3141
  pitch: 8.9184065
logoutlocation:
  world: world
  x: 9198.5
  y: 73.0
  z: 9549.5
  yaw: -270.3141
  pitch: 8.9184065
money: '100.0'
