lastlocation:
  world: world
  x: 9198.5
  y: 73.0
  z: 9549.5
  yaw: -270.3141
  pitch: 8.9184065
timestamps:
  login: 1375201706695
  logout: 1375201856441
ipAddress: 93.12.230.174
logoutlocation:
  world: world
  x: 9187.690141894767
  y: 61.0
  z: 9570.763919192557
  yaw: -209.54987
  pitch: 42.749996
money: '104.0'
