lastlocation:
  world: world
  x: 9198.5
  y: 73.0
  z: 9549.5
  yaw: -270.3141
  pitch: 8.9184065
timestamps:
  login: 1374075117781
  logout: 1374075200942
ipAddress: 79.169.100.226
logoutlocation:
  world: world
  x: 9192.06596908906
  y: 72.0
  z: 9550.55034081361
  yaw: 101.82431
  pitch: 32.322803
money: '102.0'
