lastlocation:
  world: world
  x: 9198.5
  y: 73.0
  z: 9549.5
  yaw: -270.3141
  pitch: 8.9184065
timestamps:
  login: 1373959617475
  logout: 1373959682911
ipAddress: 188.49.234.236
logoutlocation:
  world: world
  x: 9177.294525236592
  y: 72.0
  z: 9539.740349983365
  yaw: 29.700022
  pitch: 8.700001
money: '102.0'
