lastlocation:
  world: world
  x: 9102.356290627196
  y: 72.44203674537584
  z: 9565.070695089178
  yaw: 49.943348
  pitch: 54.567196
timestamps:
  login: 1375813649365
  logout: 1375813741103
ipAddress: 82.245.191.243
logoutlocation:
  world: world
  x: 9053.582111341682
  y: 62.0
  z: 9601.195749396893
  yaw: -224.63785
  pitch: 4.559936
money: '111.0'
