lastlocation:
  world: world
  x: 9198.0
  y: 73.0
  z: 9549.0
  yaw: 0.0
  pitch: 0.0
timestamps:
  login: 1374416568639
  logout: 1374416577401
ipAddress: 109.14.198.87
logoutlocation:
  world: world
  x: 9198.5
  y: 73.0
  z: 9549.5
  yaw: -272.74255
  pitch: 10.6768265
money: '100.0'
