lastlocation:
  world: world
  x: 9198.0
  y: 73.0
  z: 9549.0
  yaw: 0.0
  pitch: 0.0
timestamps:
  login: 1372769945487
  logout: 1372769973113
ipAddress: 5.82.169.89
logoutlocation:
  world: world
  x: 9198.5
  y: 73.0
  z: 9549.5
  yaw: -270.78506
  pitch: 9.577769
money: '100.0'
