lastlocation:
  world: world
  x: 9198.5
  y: 73.0
  z: 9549.5
  yaw: -270.46408
  pitch: 9.668407
timestamps:
  login: 1373682154926
  logout: 1373682225982
ipAddress: 187.61.219.51
logoutlocation:
  world: world
  x: 9181.41324152264
  y: 72.0
  z: 9553.166728699687
  yaw: 117.90001
  pitch: 16.95
money: '102.0'
