lastlocation:
  world: world
  x: 9198.0
  y: 73.0
  z: 9549.0
  yaw: 0.0
  pitch: 0.0
timestamps:
  login: 1376920648203
  logout: 1376920698925
ipAddress: 79.158.197.49
logoutlocation:
  world: world
  x: 9198.5
  y: 73.0
  z: 9549.5
  yaw: -270.01407
  pitch: 23.099987
money: '100.0'
