lastlocation:
  world: world
  x: 9148.015333970103
  y: 70.0
  z: 9547.031127950659
  yaw: 84.59996
  pitch: 9.299996
timestamps:
  login: 1373922654023
  logout: 1373922862668
ipAddress: 189.81.128.96
logoutlocation:
  world: world
  x: 9068.327411937247
  y: 66.0
  z: 9536.155012314313
  yaw: -79.200134
  pitch: -7.5000067
money: '110.0'
