lastlocation:
  world: world
  x: 9198.0
  y: 73.0
  z: 9549.0
  yaw: 0.0
  pitch: 0.0
timestamps:
  login: 1377222696093
  logout: 1377222728770
ipAddress: 201.34.30.34
logoutlocation:
  world: world
  x: 9198.958912835304
  y: 72.0
  z: 9554.352001636882
  yaw: -138.16415
  pitch: -21.681602
