lastlocation:
  world: world
  x: 9153.095208330356
  y: 67.0
  z: 9537.421381878441
  yaw: -263.36554
  pitch: 21.840555
timestamps:
  login: 1377211644002
  logout: 1377212051473
ipAddress: 142.217.127.58
logoutlocation:
  world: world
  x: 9094.842352335738
  y: 65.0
  z: 9568.699999988079
  yaw: -51.35443
  pitch: 15.687221
