lastlocation:
  world: world
  x: 9198.0
  y: 73.0
  z: 9549.0
  yaw: 0.0
  pitch: 0.0
timestamps:
  login: 1372769821922
  logout: 1372769830614
ipAddress: 5.82.169.89
logoutlocation:
  world: world
  x: 9198.5
  y: 73.0
  z: 9549.5
  yaw: -271.63284
  pitch: 8.824211
money: '100.0'
