lastlocation:
  world: world
  x: 9198.5
  y: 73.0
  z: 9549.5
  yaw: -270.3141
  pitch: 8.9184065
timestamps:
  login: 1374000448181
  logout: 1374000506975
ipAddress: 179.218.27.76
logoutlocation:
  world: world
  x: 9197.42958430399
  y: 72.0
  z: 9555.760151316903
  yaw: -353.60422
  pitch: 8.036461
money: '102.0'
