lastlocation:
  world: world
  x: 9198.5
  y: 73.0
  z: 9549.5
  yaw: -270.3141
  pitch: 8.9184065
timestamps:
  login: 1372836740573
  logout: 1372837083127
ipAddress: 222.127.153.224
logoutlocation:
  world: world
  x: 9204.420126780626
  y: 72.0
  z: 9549.528554192077
  yaw: -80.99984
  pitch: 14.850008
money: '110.0'
