lastlocation:
  world: world
  x: 9148.099999687674
  y: 70.0
  z: 9552.003733173366
  yaw: 87.18392
  pitch: 27.669153
timestamps:
  login: 1375456492861
  logout: 1375456695954
ipAddress: 179.222.103.169
logoutlocation:
  world: world
  x: 9128.414497567006
  y: 67.0
  z: 9535.322315427222
  yaw: -14.095679
  pitch: 5.2205977
money: '106.0'
