lastlocation:
  world: world
  x: 9198.0
  y: 73.0
  z: 9549.0
  yaw: 0.0
  pitch: 0.0
timestamps:
  login: 1372990971884
  logout: 1372991013934
ipAddress: 177.73.248.14
logoutlocation:
  world: world
  x: 9198.5
  y: 73.0
  z: 9549.5
  yaw: -264.03143
  pitch: 9.591547
money: '100.0'
