lastlocation:
  world: world
  x: 9159.31648793602
  y: 67.0
  z: 9514.269276429139
  yaw: 293.6864
  pitch: 20.099974
timestamps:
  login: 1373717694334
  kits:
    firework: 1372964281623
    start: 1373395053206
    notch: 1372964424072
  logout: 1373717698492
ipAddress: 92.142.26.124
logoutlocation:
  world: world
  x: 9198.0
  y: 73.0
  z: 9549.0
  yaw: 2.7
  pitch: 7.0499997
money: '137.0'
