lastlocation:
  world: world
  x: 9148.176332761277
  y: 70.0
  z: 9550.530756819342
  yaw: 93.37909
  pitch: 28.234554
timestamps:
  login: 1374570524025
  logout: 1374570655159
ipAddress: 78.219.208.93
logoutlocation:
  world: world
  x: 9140.045590588616
  y: 55.29251256166625
  z: 9471.425325536986
  yaw: 170.14703
  pitch: 83.84837
money: '104.0'
