lastlocation:
  world: world
  x: 9198.5
  y: 73.0
  z: 9549.5
  yaw: -270.3141
  pitch: 8.9184065
timestamps:
  login: 1372947090051
  logout: 1372947214136
ipAddress: 186.215.87.250
logoutlocation:
  world: world
  x: 9197.773008867192
  y: 73.0
  z: 9549.945406394432
  yaw: -104.399994
  pitch: 16.049997
money: '104.0'
