lastlocation:
  world: world
  x: 9132.917054652684
  y: 67.0
  z: 9562.744578491884
  yaw: 0.0
  pitch: 0.0
money: '99.0'
