lastlocation:
  world: world
  x: 9132.748396187408
  y: 67.0
  z: 9562.357353653259
  yaw: 0.0
  pitch: 0.0
money: '99.0'
