lastlocation:
  world: world
  x: 9198.0
  y: 73.0
  z: 9549.0
  yaw: 0.0
  pitch: 0.0
timestamps:
  login: 1372888056348
  logout: 1372888067558
ipAddress: 189.25.91.27
logoutlocation:
  world: world
  x: 9198.5
  y: 73.0
  z: 9549.5
  yaw: -270.46408
  pitch: 8.768407
money: '100.0'
