lastlocation:
  world: world
  x: 9198.5
  y: 73.0
  z: 9549.5
  yaw: -270.3141
  pitch: 8.9184065
timestamps:
  login: 1374555040491
  logout: 1374555082937
ipAddress: 189.6.129.57
logoutlocation:
  world: world
  x: 9198.0
  y: 73.0
  z: 9549.0
  yaw: -2.700002
  pitch: -13.05
money: '100.0'
