lastlocation:
  world: world
  x: 9198.5
  y: 73.0
  z: 9549.5
  yaw: -270.46408
  pitch: 9.6684065
timestamps:
  login: 1373683611871
  logout: 1373683705982
ipAddress: 189.10.132.189
logoutlocation:
  world: world
  x: 9181.00653354745
  y: 72.10408037809304
  z: 9543.206678503911
  yaw: 18.743185
  pitch: 16.624676
money: '102.0'
