lastlocation:
  world: world
  x: 9198.0
  y: 73.0
  z: 9549.0
  yaw: 0.0
  pitch: 0.0
timestamps:
  login: 1377043875460
  logout: 1377043922263
ipAddress: 179.236.138.34
logoutlocation:
  world: world
  x: 9211.255429194425
  y: 72.0
  z: 9567.643274776401
  yaw: 97.03591
  pitch: 7.8684072
