lastlocation:
  world: world
  x: 9198.5
  y: 73.0
  z: 9549.5
  yaw: -270.3141
  pitch: 8.9184065
timestamps:
  login: 1376144929619
  logout: 1376144941100
ipAddress: 177.156.87.219
logoutlocation:
  world: world
  x: 9198.0
  y: 73.0
  z: 9549.0
  yaw: -0.45000002
  pitch: 2.85
money: '100.0'
