lastlocation:
  world: world
  x: 9144.826345224392
  y: 71.23656802218628
  z: 9551.839148042729
  yaw: 93.285965
  pitch: 30.14998
timestamps:
  login: 1376644136530
  logout: 1376644620480
ipAddress: 31.34.110.55
logoutlocation:
  world: world
  x: 9198.208156884722
  y: 73.0
  z: 9549.248034433522
  yaw: -272.1141
  pitch: 8.768407
money: '115.0'
