lastlocation:
  world: world
  x: 9198.0
  y: 73.0
  z: 9549.0
  yaw: 1.2
  pitch: -2.7
timestamps:
  login: 1375490869968
  logout: 1375490928980
ipAddress: 189.68.58.91
logoutlocation:
  world: world
  x: 9221.321977670299
  y: 71.0
  z: 9563.26914631997
  yaw: -187.77191
  pitch: -23.798763
money: '106.0'
