lastlocation:
  world: world
  x: 10526.699999988079
  y: 42.0
  z: 10551.699999988079
  yaw: 24.12858
  pitch: 80.38652
timestamps:
  login: 1374165295528
  lastteleport: 1374165559937
  logout: 1374167243927
ipAddress: 81.244.228.25
logoutlocation:
  world: world
  x: 3414.260810077864
  y: 47.0
  z: -3335.300000011921
  yaw: -358.76465
  pitch: 11.45068
money: '900.0'
homes:
  home:
    world: world
    x: 10526.699207213067
    y: 40.875
    z: 10551.699999988079
    yaw: 87.90607
    pitch: 84.84152
afk: false
