lastlocation:
  world: world
  x: 9198.5
  y: 73.0
  z: 9549.5
  yaw: -270.3141
  pitch: 8.9184065
timestamps:
  login: 1375021900311
  logout: 1375021975597
ipAddress: 186.250.24.2
logoutlocation:
  world: world
  x: 9214.824999988079
  y: 66.0
  z: 9563.658937187158
  yaw: -209.54956
  pitch: 12.600026
money: '102.0'
