lastlocation:
  world: world
  x: 9305.33797965127
  y: 69.0
  z: 9587.18663925538
  yaw: 0.0
  pitch: 0.0
