lastlocation:
  world: world
  x: 9198.5
  y: 73.0
  z: 9549.5
  yaw: -270.3141
  pitch: 8.9184065
timestamps:
  login: 1372816537738
  logout: 1372816569208
ipAddress: 177.82.69.24
logoutlocation:
  world: world
  x: 9206.660678459903
  y: 72.0
  z: 9549.588651192707
  yaw: -108.74881
  pitch: 26.716795
money: '100.0'
