lastlocation:
  world: world
  x: 9198.0
  y: 73.0
  z: 9549.0
  yaw: 0.0
  pitch: 0.0
timestamps:
  login: 1375557113109
  lastteleport: 1375525894948
  kits:
    firework: 1375468992366
    start: 1375468873813
    notch: 1375468908041
  logout: 1375557304753
ipAddress: 77.199.232.81
logoutlocation:
  world: world
  x: 2929.306520850353
  y: 149.5
  z: 4619.271559326128
  yaw: -88.55279
  pitch: -20.699997
money: '50.0'
