lastlocation:
  world: world
  x: 9198.0
  y: 73.0
  z: 9549.0
  yaw: 0.0
  pitch: 0.0
timestamps:
  login: 1375913137639
  logout: 1375913161358
ipAddress: 82.244.136.57
logoutlocation:
  world: world
  x: 9195.727832501065
  y: 73.0
  z: 9548.678604252415
  yaw: -270.3141
  pitch: 8.9184065
money: '100.0'
