lastlocation:
  world: world
  x: 9188.078473465643
  y: 61.0
  z: 9567.07660669031
  yaw: -169.34999
  pitch: 4.5000005
timestamps:
  login: 1376415121203
  logout: 1376415725634
ipAddress: 90.26.226.171
logoutlocation:
  world: world
  x: 9198.208156884722
  y: 73.0
  z: 9549.248034433522
  yaw: -270.3141
  pitch: 8.9184065
money: '21.0'
