lastlocation:
  world: world
  x: 9140.127675530555
  y: 67.64548885949294
  z: 9551.781280975007
  yaw: -258.55127
  pitch: 11.0571165
timestamps:
  login: 1373649859465
  lastteleport: 1373650062976
ipAddress: 109.223.5.108
logoutlocation:
  world: world
  x: 9134.123808014285
  y: 67.0
  z: 9525.880294254055
  yaw: -174.60704
  pitch: 1.4219403
money: '109.0'
