lastlocation:
  world: world
  x: 9198.5
  y: 73.0
  z: 9549.5
  yaw: -270.3141
  pitch: 8.9184065
timestamps:
  login: 1373297972183
  logout: 1373297980208
ipAddress: 77.84.153.70
logoutlocation:
  world: world
  x: 9185.477280780382
  y: 72.0
  z: 9546.742135915129
  yaw: 44.850067
  pitch: 9.600004
money: '100.0'
