lastlocation:
  world: world
  x: 9198.5
  y: 73.0
  z: 9549.5
  yaw: -270.3141
  pitch: 8.9184065
timestamps:
  login: 1374707158756
  logout: 1374707381238
ipAddress: 213.22.222.188
logoutlocation:
  world: world
  x: 9082.120088150255
  y: 65.0
  z: 9614.655276082492
  yaw: 146.84857
  pitch: 11.999925
money: '106.0'
