lastlocation:
  world: world
  x: 9148.191088900505
  y: 70.0
  z: 9549.05376549766
  yaw: -273.46423
  pitch: 9.900005
timestamps:
  login: 1374256219646
  logout: 1374256397092
ipAddress: 186.194.5.2
logoutlocation:
  world: world
  x: 9123.394166416156
  y: 67.0
  z: 9575.644942061273
  yaw: -212.71405
  pitch: -4.200005
money: '257.0'
