lastlocation:
  world: world
  x: 9196.505722195021
  y: 72.5
  z: 9551.739464408713
  yaw: -138.9141
  pitch: 3.0684018
timestamps:
  login: 1376168539479
  lastteleport: 1376143907902
  logout: 1376168574292
ipAddress: 189.70.147.15
logoutlocation:
  world: world
  x: 9198.208156884722
  y: 73.0
  z: 9549.248034433522
  yaw: -270.3141
  pitch: 8.9184065
money: '110.0'
