lastlocation:
  world: world
  x: 9148.304497043064
  y: 70.41999998688698
  z: 9550.371016633673
  yaw: 84.0388
  pitch: 24.70707
timestamps:
  login: 1372810148403
  logout: 1372810307047
ipAddress: 186.213.143.159
logoutlocation:
  world: world
  x: 9110.041287097929
  y: 66.0
  z: 9554.992661158232
  yaw: -104.56998
  pitch: 15.1374445
money: '104.0'
