lastlocation:
  world: world
  x: 9198.5
  y: 73.0
  z: 9549.5
  yaw: -270.3141
  pitch: 8.9184065
timestamps:
  login: 1374498497332
  logout: 1374498545815
ipAddress: 189.73.10.230
logoutlocation:
  world: world
  x: 9198.0
  y: 73.0
  z: 9549.0
  yaw: -6.150009
  pitch: 90.0
money: '100.0'
