timestamps:
  login: 1376070174012
  lastteleport: 1376070400937
  logout: 1376070491234
ipAddress: 92.153.69.180
lastlocation:
  world: world
  x: 9147.977456348133
  y: 70.0
  z: 9548.441966442164
  yaw: -295.49146
  pitch: -21.43554
logoutlocation:
  world: world
  x: 9080.740618518457
  y: 64.0
  z: 9626.740240541305
  yaw: -300.91522
  pitch: 0.525982
money: '110.0'
