lastlocation:
  world: world
  x: 9148.177856537864
  y: 70.0
  z: 9551.269470044335
  yaw: -285.44998
  pitch: 3.5999987
timestamps:
  login: 1373833710597
  logout: 1373833950844
ipAddress: 177.37.114.219
logoutlocation:
  world: world
  x: 9174.58692690614
  y: 72.0
  z: 9547.855618629193
  yaw: -281.86407
  pitch: 3.9684064
money: '107.0'
