lastlocation:
  world: world
  x: 9146.813962284985
  y: 70.0
  z: 9548.25585286828
  yaw: -93.29999
  pitch: 9.150007
timestamps:
  login: 1373058068833
  logout: 1373058216359
ipAddress: 189.79.122.172
logoutlocation:
  world: world
  x: 9143.699999988079
  y: 67.5
  z: 9549.420584208252
  yaw: -19.649988
  pitch: 30.15001
money: '104.0'
