lastlocation:
  world: world
  x: 9198.0
  y: 73.0
  z: 9549.0
  yaw: 0.0
  pitch: 0.0
timestamps:
  login: 1373080495093
  logout: 1373080531023
ipAddress: 187.109.139.160
logoutlocation:
  world: world
  x: 9198.5
  y: 73.0
  z: 9549.5
  yaw: -270.57516
  pitch: 8.918406
money: '100.0'
