lastlocation:
  world: world
  x: 9127.958082294912
  y: 69.0
  z: 9573.034929539604
  yaw: 290.70026
  pitch: 44.249992
timestamps:
  login: 1373044008921
  logout: 1373045020974
ipAddress: 79.88.68.60
money: '121.0'
logoutlocation:
  world: world
  x: 9174.77347439303
  y: 72.0
  z: 9550.989299130537
  yaw: 255.73576
  pitch: 3.3684087
