lastlocation:
  world: world
  x: 9198.0
  y: 73.0
  z: 9549.0
  yaw: 0.0
  pitch: 0.0
timestamps:
  login: 1374760437498
  logout: 1374760443810
ipAddress: 90.28.2.116
logoutlocation:
  world: world
  x: 9198.5
  y: 73.0
  z: 9549.5
  yaw: -265.96408
  pitch: 7.1184063
money: '100.0'
