lastlocation:
  world: world
  x: 9113.019336162071
  y: 64.0
  z: 9457.442638663375
  yaw: -229.81366
  pitch: 10.268397
timestamps:
  login: 1373806109837
  logout: 1373806112032
  kits:
    notch: 1372789151037
  lastteleport: 1372789805383
ipAddress: 88.137.200.57
logoutlocation:
  world: world
  x: 9198.0
  y: 73.0
  z: 9549.0
  yaw: 0.0
  pitch: 0.0
money: '154.0'
