lastlocation:
  world: world
  x: 9143.543817644777
  y: 68.65552175294312
  z: 9558.483765435747
  yaw: -322.46655
  pitch: 71.15541
timestamps:
  login: 1374169013353
  logout: 1374169459227
ipAddress: 177.68.204.63
logoutlocation:
  world: world
  x: 9448.34447334712
  y: 63.0
  z: 9665.452761789795
  yaw: 52.43108
  pitch: 18.544983
money: '116.0'
