lastlocation:
  world: world
  x: 9198.5
  y: 73.0
  z: 9549.5
  yaw: -270.3141
  pitch: 8.9184065
timestamps:
  login: 1377081834580
  logout: 1377081910342
ipAddress: 188.251.90.193
logoutlocation:
  world: world
  x: 9574.078567339411
  y: 64.0
  z: 9637.057101470957
  yaw: -241.47353
  pitch: 90.0
money: '106.0'
