lastlocation:
  world: world
  x: 9147.745743673167
  y: 71.31148900262782
  z: 9549.234793634765
  yaw: -282.79523
  pitch: 30.47663
timestamps:
  login: 1376910301153
  logout: 1376910438583
ipAddress: 212.198.98.22
logoutlocation:
  world: world
  x: 9120.000967918832
  y: 67.0
  z: 9567.314420013854
  yaw: 1.7169278
  pitch: 78.08624
money: '104.0'
