lastlocation:
  world: world
  x: 9132.972095504378
  y: 68.0155550727022
  z: 9553.571518303808
  yaw: -123.22804
  pitch: -5.838895
timestamps:
  login: 1373058725299
  lastteleport: 1373058842008
  logout: 1373059131358
ipAddress: 200.96.181.250
logoutlocation:
  world: world
  x: 9131.416542877734
  y: 67.0
  z: 9550.4536447761
  yaw: 23.858097
  pitch: 20.11747
money: '113.0'
