lastlocation:
  world: world
  x: 9198.5
  y: 73.0
  z: 9549.5
  yaw: -270.3141
  pitch: 8.9184065
timestamps:
  login: 1374518671580
  logout: 1374518846405
ipAddress: 74.110.117.87
logoutlocation:
  world: world
  x: 9206.102949638713
  y: 73.0
  z: 9532.2089758081
  yaw: 188.1007
  pitch: 39.000008
money: '104.0'
