lastlocation:
  world: world
  x: 9188.633753644115
  y: 61.0
  z: 9567.068851060845
  yaw: 157.8
  pitch: 24.899988
timestamps:
  login: 1374148772852
  logout: 1374148784390
ipAddress: 88.139.53.98
logoutlocation:
  world: world
  x: 9199.560937504362
  y: 73.0
  z: 9549.550646322134
  yaw: -286.06418
  pitch: 8.699977
money: '111.0'
