lastlocation:
  world: world
  x: 9198.0
  y: 73.0
  z: 9549.0
  yaw: 0.0
  pitch: 0.0
timestamps:
  login: 1375700437073
  logout: 1375700447055
ipAddress: 86.67.119.153
logoutlocation:
  world: world
  x: 9198.5
  y: 73.0
  z: 9549.5
  yaw: -266.86407
  pitch: 11.468406
money: '100.0'
