lastlocation:
  world: world
  x: 9198.0
  y: 73.0
  z: 9549.0
  yaw: 0.0
  pitch: 0.0
timestamps:
  login: 1373571963766
  logout: 1373572018789
ipAddress: 82.216.147.249
logoutlocation:
  world: world
  x: 9198.913436827661
  y: 72.0
  z: 9544.458746746453
  yaw: -187.64998
  pitch: 24.449999
money: '102.0'
