lastlocation:
  world: world
  x: 9148.051542352327
  y: 70.0
  z: 9551.865484079157
  yaw: 73.80003
  pitch: 34.79999
timestamps:
  login: 1372942649067
  logout: 1372942901635
ipAddress: 79.169.11.246
logoutlocation:
  world: world
  x: 9134.693418088083
  y: 67.0
  z: 9552.853670963375
  yaw: -95.39998
  pitch: 15.599986
money: '108.0'
