lastlocation:
  world: world
  x: 9187.723444364527
  y: 61.0
  z: 9577.760762859665
  yaw: -1.650116
  pitch: 8.850025
timestamps:
  login: 1375356309388
  logout: 1375356421229
ipAddress: 69.242.70.151
logoutlocation:
  world: world
  x: 9194.080228186893
  y: 61.0
  z: 9531.41293234795
  yaw: 125.25003
  pitch: 4.0500083
money: '102.0'
