lastlocation:
  world: world
  x: 9133.090825380876
  y: 67.0
  z: 9552.779682937096
  yaw: 34.349854
  pitch: 5.4000134
timestamps:
  login: 1374639552061
  logout: 1374639818079
ipAddress: 177.41.165.143
logoutlocation:
  world: world
  x: 9157.797894730686
  y: 72.0
  z: 9552.353442219981
  yaw: -260.2641
  pitch: 18.818409
money: '107.0'
