lastlocation:
  world: world
  x: 9148.090745365938
  y: 70.0
  z: 9549.931708768861
  yaw: -264.32413
  pitch: 38.86807
timestamps:
  login: 1373649800330
  lastteleport: 1373650039376
ipAddress: 92.149.83.115
logoutlocation:
  world: world
  x: 9127.913928673423
  y: 67.0
  z: 9537.974528066166
  yaw: -204.81848
  pitch: 33.876442
money: '110.0'
