lastlocation:
  world: world
  x: 9147.837118174171
  y: 70.0
  z: 9547.310041268047
  yaw: -267.31125
  pitch: 17.273518
timestamps:
  login: 1372801044408
  logout: 1372801717467
ipAddress: 187.24.247.73
logoutlocation:
  world: world
  x: 9198.208156884722
  y: 73.0
  z: 9549.248034433522
  yaw: -269.95914
  pitch: 8.44516
money: '130.0'
