lastlocation:
  world: world
  x: 9198.0
  y: 73.0
  z: 9549.0
  yaw: 0.0
  pitch: 0.0
timestamps:
  login: 1375883327068
  logout: 1375883344811
ipAddress: 189.68.173.19
logoutlocation:
  world: world
  x: 9198.5
  y: 73.0
  z: 9549.5
  yaw: -286.90286
  pitch: 33.494408
money: '100.0'
