lastlocation:
  world: world
  x: 9198.5
  y: 73.0
  z: 9549.5
  yaw: -269.92606
  pitch: 8.9184065
timestamps:
  login: 1374190872122
  logout: 1374190919498
ipAddress: 177.188.45.214
logoutlocation:
  world: world
  x: 9198.85415521295
  y: 73.0
  z: 9551.882949298822
  yaw: 111.18293
  pitch: 28.133232
money: '102.0'
