lastlocation:
  world: world
  x: 9148.252959744017
  y: 70.0
  z: 9550.423061711372
  yaw: -285.61383
  pitch: 25.568409
timestamps:
  login: 1377026044498
  logout: 1377026164158
ipAddress: 81.28.207.200
logoutlocation:
  world: world
  x: 9159.014447112155
  y: 65.63588500535488
  z: 9519.699999988079
  yaw: -245.4139
  pitch: 16.718395
