lastlocation:
  world: world
  x: 9198.5
  y: 73.0
  z: 9549.5
  yaw: -270.3141
  pitch: 8.9184065
timestamps:
  login: 1373158961406
  logout: 1373158975622
ipAddress: 189.104.75.122
logoutlocation:
  world: world
  x: 9198.0
  y: 73.0
  z: 9549.815971373271
  yaw: -0.33277392
  pitch: 1.3310957
money: '100.0'
