lastlocation:
  world: world
  x: 9144.120559423907
  y: 71.70883391333994
  z: 9548.804842661668
  yaw: 88.949684
  pitch: 21.449999
timestamps:
  login: 1375549645346
  logout: 1375549971947
ipAddress: 37.141.145.73
logoutlocation:
  world: world
  x: 9130.092739952686
  y: 67.0
  z: 9548.750698906517
  yaw: 175.64937
  pitch: 26.999979
money: '109.0'
