lastlocation:
  world: world
  x: 9141.959278696531
  y: 71.2446745383845
  z: 9545.469927585134
  yaw: 106.049995
  pitch: 30.150002
timestamps:
  login: 1373154507847
  logout: 1373154643123
ipAddress: 187.59.43.90
logoutlocation:
  world: world
  x: 9198.208156884722
  y: 73.0
  z: 9549.248034433522
  yaw: -281.8641
  pitch: 35.168404
money: '103.0'
