lastlocation:
  world: world
  x: 9148.176674660372
  y: 70.0
  z: 9549.086919806801
  yaw: -262.8141
  pitch: 10.950002
timestamps:
  login: 1374609751288
  logout: 1374610121535
ipAddress: 189.68.192.35
logoutlocation:
  world: world
  x: 9121.949295753366
  y: 63.0
  z: 9504.59572491471
  yaw: 12.285828
  pitch: 32.100002
money: '116.0'
