lastlocation:
  world: world
  x: 9136.15068062774
  y: 67.0
  z: 9547.904488406886
  yaw: -70.49996
  pitch: 1.499994
timestamps:
  login: 1374110050737
  logout: 1374110549959
ipAddress: 187.103.79.93
logoutlocation:
  world: world
  x: 9138.307155495435
  y: 67.0
  z: 9520.692667957397
  yaw: -209.09993
  pitch: 33.75
money: '116.0'
