lastlocation:
  world: world
  x: 9148.197220441896
  y: 70.63963453200465
  z: 9550.580005162346
  yaw: 92.16004
  pitch: -7.0559974
timestamps:
  login: 1373665542135
  logout: 1373665710802
ipAddress: 201.82.51.12
logoutlocation:
  world: world
  x: 9124.82553108776
  y: 63.0
  z: 9530.699999988079
  yaw: -97.07521
  pitch: 7.6896095
money: '114.0'
