lastlocation:
  world: world
  x: 9148.031736719446
  y: 70.0
  z: 9550.741547691574
  yaw: -266.2501
  pitch: 17.69999
timestamps:
  login: 1374415741743
  logout: 1374415882402
ipAddress: 189.91.252.86
logoutlocation:
  world: world
  x: 9128.104479733563
  y: 67.0
  z: 9553.247460436405
  yaw: -144.45013
  pitch: 6.8999896
money: '104.0'
