lastlocation:
  world: world
  x: 9198.5
  y: 73.0
  z: 9549.5
  yaw: -270.3141
  pitch: 8.9184065
timestamps:
  login: 1375095885234
  logout: 1375096022835
ipAddress: 177.143.34.132
logoutlocation:
  world: world
  x: 9197.65813810668
  y: 73.0
  z: 9534.510888847182
  yaw: -150.30002
  pitch: -16.35
money: '104.0'
