lastlocation:
  world: world
  x: 10359.415195183592
  y: 68.0
  z: 9821.09165478058
  yaw: 0.0
  pitch: 0.0
