lastlocation:
  world: world
  x: 9198.0
  y: 73.0
  z: 9549.0
  yaw: 0.0
  pitch: 0.0
timestamps:
  login: 1373835550771
  lastteleport: 1373321260420
  logout: 1373835562197
ipAddress: 177.75.190.34
logoutlocation:
  world: world
  x: 9221.272773703899
  y: 72.0
  z: 9548.941757422237
  yaw: 139.03592
  pitch: -8.781592
money: '102.0'
