lastlocation:
  world: world
  x: 9148.067092136333
  y: 70.0
  z: 9551.471207638422
  yaw: -256.42746
  pitch: 21.423735
timestamps:
  login: 1372937146387
  logout: 1372937503689
ipAddress: 89.94.75.101
logoutlocation:
  world: world
  x: 9569.631633289868
  y: 63.0
  z: 9524.092219891305
  yaw: -21.446167
  pitch: 11.796784
money: '117.0'
