lastlocation:
  world: world
  x: 9198.0
  y: 73.0
  z: 9549.0
  yaw: 0.0
  pitch: 0.0
timestamps:
  login: 1373473959568
  logout: 1373473960843
ipAddress: 85.27.116.59
logoutlocation:
  world: world
  x: 9198.5
  y: 73.0
  z: 9549.5
  yaw: -270.24512
  pitch: 8.9184065
money: '100.0'
