lastlocation:
  world: world
  x: 9153.05672372887
  y: 67.0
  z: 9523.620392177872
  yaw: 96.00003
  pitch: 10.95
timestamps:
  login: 1373031934354
  logout: 1373031953170
ipAddress: 189.27.89.163
logoutlocation:
  world: world
  x: 9138.300000011921
  y: 67.0
  z: 9520.699999988079
  yaw: 54.45007
  pitch: 12.450014
money: '109.0'
