lastlocation:
  world: world
  x: 9198.5
  y: 73.0
  z: 9549.5
  yaw: -270.3141
  pitch: 8.9184065
timestamps:
  login: 1373336424127
  logout: 1373336624703
ipAddress: 187.74.145.132
logoutlocation:
  world: world
  x: 9193.4973301905
  y: 72.0
  z: 9548.61644156343
  yaw: 207.15001
  pitch: -31.500008
money: '106.0'
