lastlocation:
  world: world
  x: 9148.110980725058
  y: 70.0
  z: 9551.455812867442
  yaw: -265.36398
  pitch: 16.868406
timestamps:
  login: 1374714934894
  logout: 1374715046238
ipAddress: 177.9.249.249
logoutlocation:
  world: world
  x: 9131.229287958247
  y: 67.7574925595704
  z: 9571.934344969188
  yaw: -195.9139
  pitch: 21.968405
money: '117.0'
