lastlocation:
  world: world
  x: 9198.0
  y: 73.0
  z: 9549.0
  yaw: 0.0
  pitch: 0.0
timestamps:
  login: 1373810574737
  logout: 1373810769570
ipAddress: 81.66.74.216
logoutlocation:
  world: world
  x: 9192.486437340953
  y: 72.0
  z: 9554.834648563277
  yaw: 106.95001
  pitch: -3.2999997
money: '106.0'
