lastlocation:
  world: world
  x: 9148.02984792703
  y: 70.0
  z: 9548.780798692402
  yaw: -272.7001
  pitch: 6.900002
timestamps:
  login: 1373315888627
  logout: 1373316004959
ipAddress: 189.69.21.82
logoutlocation:
  world: world
  x: 9164.867833165657
  y: 69.0
  z: 9584.570339405514
  yaw: -135.00006
  pitch: 31.350002
money: '102.0'
