lastlocation:
  world: world
  x: 9198.5
  y: 73.0
  z: 9549.5
  yaw: -270.1128
  pitch: 9.482097
timestamps:
  login: 1373988270933
  logout: 1373988458048
ipAddress: 177.156.91.122
logoutlocation:
  world: world
  x: 9166.762895166277
  y: 72.0
  z: 9551.317250078957
  yaw: 80.23932
  pitch: 16.266472
money: '106.0'
