lastlocation:
  world: world
  x: 9148.031714866742
  y: 70.0
  z: 9550.284229391786
  yaw: 97.349945
  pitch: 5.399965
timestamps:
  login: 1373236321562
  logout: 1373236513710
ipAddress: 187.122.249.114
logoutlocation:
  world: world
  x: 9037.570569665631
  y: 66.0
  z: 9528.873992285353
  yaw: 228.74997
  pitch: 15.149952
money: '105.0'
