lastlocation:
  world: world
  x: 9148.06807191178
  y: 70.0
  z: 9549.641828853273
  yaw: 98.84435
  pitch: 23.998087
timestamps:
  login: 1373066724969
  logout: 1373066946358
ipAddress: 189.47.93.130
logoutlocation:
  world: world
  x: 9100.80210341406
  y: 64.0
  z: 9455.350201820385
  yaw: 139.77455
  pitch: 8.13504
money: '105.0'
