lastlocation:
  world: world
  x: 9212.914856385836
  y: 62.29537598913944
  z: 9525.413729150718
  yaw: -309.90002
  pitch: 11.249997
timestamps:
  login: 1375389993230
  logout: 1375390100472
ipAddress: 188.83.93.86
logoutlocation:
  world: world
  x: 9187.805213513306
  y: 61.0
  z: 9575.758097441401
  yaw: 168.60005
  pitch: 69.899994
money: '102.0'
