lastlocation:
  world: world
  x: 9148.203102027595
  y: 70.0
  z: 9550.067870804935
  yaw: -262.34995
  pitch: 6.8999996
timestamps:
  login: 1374616053369
  logout: 1374616459897
ipAddress: 177.18.125.202
logoutlocation:
  world: world
  x: 9120.300000011921
  y: 63.0
  z: 9530.589326966212
  yaw: -334.79984
  pitch: 19.049992
money: '112.0'
