lastlocation:
  world: world
  x: 9148.04050401786
  y: 70.0
  z: 9549.431007770645
  yaw: 107.08362
  pitch: 16.043892
timestamps:
  login: 1373855267249
  logout: 1373855412142
ipAddress: 201.43.209.124
logoutlocation:
  world: world
  x: 9143.518201740057
  y: 67.5
  z: 9548.267140168266
  yaw: 69.02603
  pitch: 8.954728
money: '104.0'
