lastlocation:
  world: world
  x: 9156.573208376007
  y: 72.0
  z: 9570.07831184481
  yaw: -194.2633
  pitch: 0.6684086
timestamps:
  login: 1375548526777
  logout: 1375548529878
ipAddress: 37.107.56.238
logoutlocation:
  world: world
  x: 9198.0
  y: 73.0
  z: 9549.0
  yaw: 0.0
  pitch: 0.0
money: '51.0'
