lastlocation:
  world: world
  x: 9147.639993743827
  y: 71.10408037809304
  z: 9549.031742572008
  yaw: -239.41417
  pitch: 19.2684
timestamps:
  login: 1374454181061
  kits:
    color: 1374454745846
    start: 1374454657247
    firework: 1374454801398
    notch: 1374454616298
  lastteleport: 1374454986093
  logout: 1374455656392
ipAddress: 179.199.4.217
logoutlocation:
  world: world
  x: 9198.208156884722
  y: 73.0
  z: 9549.248034433522
  yaw: -220.06412
  pitch: 24.818388
money: '53.0'
