lastlocation:
  world: world
  x: 9198.0
  y: 73.0
  z: 9549.0
  yaw: 0.0
  pitch: 0.0
timestamps:
  login: 1375517869341
  logout: 1375517952254
ipAddress: 81.67.41.228
logoutlocation:
  world: world
  x: 9206.050808609212
  y: 61.0
  z: 9525.11245650014
  yaw: -111.83569
  pitch: 15.544728
money: '106.0'
