lastlocation:
  world: world
  x: 9198.5
  y: 73.0
  z: 9549.5
  yaw: -267.9141
  pitch: 8.318406
timestamps:
  login: 1372810364562
  logout: 1372810447046
ipAddress: 189.18.131.162
logoutlocation:
  world: world
  x: 9191.139068888462
  y: 72.0
  z: 9568.563872068089
  yaw: 3.9000373
  pitch: -8.25
money: '102.0'
