lastlocation:
  world: world
  x: 9198.5
  y: 73.0
  z: 9549.5
  yaw: -270.3141
  pitch: 8.9184065
timestamps:
  login: 1374165458278
  logout: 1374165548927
ipAddress: 201.10.171.230
logoutlocation:
  world: world
  x: 9196.644796790662
  y: 72.0
  z: 9557.699999988079
  yaw: 134.1
  pitch: -10.500004
money: '102.0'
