lastlocation:
  world: world
  x: 9188.986501325193
  y: 72.0
  z: 9533.397628594836
  yaw: 56.92543
  pitch: -19.443876
