lastlocation:
  world: world
  x: 9132.142186342913
  y: 67.0
  z: 9554.040147029333
  yaw: -110.25154
  pitch: 22.800001
timestamps:
  login: 1375431034450
  logout: 1375431483356
ipAddress: 82.242.193.248
logoutlocation:
  world: world
  x: 9259.099477327407
  y: 68.0
  z: 9389.69587669227
  yaw: 94.64915
  pitch: 57.899963
money: '116.0'
