lastlocation:
  world: world
  x: 9148.031271651136
  y: 70.65658248110962
  z: 9548.432995996545
  yaw: -269.1001
  pitch: 22.349977
timestamps:
  login: 1373914442785
  logout: 1373914549729
ipAddress: 187.87.116.142
logoutlocation:
  world: world
  x: 9198.208156884722
  y: 73.0
  z: 9549.248034433522
  yaw: -270.3141
  pitch: 8.9184065
money: '103.0'
