lastlocation:
  world: world
  x: 9198.5
  y: 73.0
  z: 9549.5
  yaw: -270.3141
  pitch: 8.9184065
timestamps:
  login: 1373272904794
  logout: 1373272918080
ipAddress: 149.154.199.100
logoutlocation:
  world: world
  x: 9172.62987197805
  y: 72.0
  z: 9549.83452814937
  yaw: 346.7098
  pitch: -19.714096
money: '106.0'
