lastlocation:
  world: world
  x: 9198.5
  y: 73.0
  z: 9549.5
  yaw: -270.91406
  pitch: 8.9184065
timestamps:
  login: 1373578391949
  logout: 1373578441710
ipAddress: 188.251.166.46
logoutlocation:
  world: world
  x: 9155.048989646151
  y: 72.0
  z: 9547.89269490061
  yaw: -120.00014
  pitch: 17.849997
money: '100.0'
