lastlocation:
  world: world
  x: 9198.0
  y: 73.0
  z: 9549.0
  yaw: 0.0
  pitch: 0.0
logoutlocation:
  world: world
  x: 9186.58751190082
  y: 72.0
  z: 9536.650410795735
  yaw: -253.96399
  pitch: 3.9684067
money: '102.0'
timestamps:
  login: 1375913368580
  lastteleport: 1375637880785
  logout: 1375913391330
ipAddress: 187.34.148.150
