lastlocation:
  world: world
  x: 9148.415326414144
  y: 70.0
  z: 9550.933587728736
  yaw: -272.1
  pitch: 19.949995
timestamps:
  login: 1373679539977
  logout: 1373679650982
ipAddress: 179.234.187.233
logoutlocation:
  world: world
  x: 9137.981817190954
  y: 67.0
  z: 9550.767371046626
  yaw: -250.95003
  pitch: 15.449994
money: '102.0'
