lastlocation:
  world: world
  x: 9198.5
  y: 73.0
  z: 9549.5
  yaw: -270.3141
  pitch: 8.9184065
timestamps:
  login: 1374686618094
  logout: 1374686715100
ipAddress: 201.13.2.162
logoutlocation:
  world: world
  x: 9198.0
  y: 73.0
  z: 9549.0
  yaw: -10.35
  pitch: -4.2000017
money: '102.0'
