lastlocation:
  world: world
  x: 9198.5
  y: 73.0
  z: 9549.5
  yaw: -270.3141
  pitch: 8.9184065
timestamps:
  login: 1375278245792
  logout: 1375278461455
ipAddress: 68.184.86.218
logoutlocation:
  world: world
  x: 9211.154626221478
  y: 72.0
  z: 9552.907379320784
  yaw: -220.24095
  pitch: 2.8732731
money: '106.0'
