lastlocation:
  world: world
  x: 9198.0
  y: 73.0
  z: 9549.0
  yaw: 0.0
  pitch: 0.0
timestamps:
  login: 1373534599037
  logout: 1373534624989
ipAddress: 92.161.143.67
logoutlocation:
  world: world
  x: 9198.5
  y: 73.0
  z: 9549.5
  yaw: -270.61407
  pitch: 8.768407
money: '100.0'
