lastlocation:
  world: world
  x: -84.43940000506086
  y: 55.0
  z: -46.51563075889743
  yaw: 89.26941
  pitch: -39.30005
timestamps:
  login: 1373405111068
  lastteleport: 1373405876889
  kits:
    color: 1373405294193
    notch: 1373405321242
  logout: 1373406444239
ipAddress: 201.4.72.231
homes:
  home:
    world: world
    x: -82.30000001192093
    y: 63.0
    z: -33.76249998807907
    yaw: -96.28083
    pitch: 13.349993
logoutlocation:
  world: world
  x: 9198.208156884722
  y: 73.0
  z: 9549.248034433522
  yaw: -270.3141
  pitch: 8.9184065
money: '144.0'
