timestamps:
  login: 1375709005863
  logout: 1375709058558
ipAddress: 88.163.134.76
lastlocation:
  world: world
  x: 9198.0
  y: 73.0
  z: 9549.0
  yaw: 0.0
  pitch: 0.0
logoutlocation:
  world: world
  x: 9182.039328316561
  y: 72.0
  z: 9555.703992757546
  yaw: -167.37775
  pitch: 10.862746
money: '100.0'
