lastlocation:
  world: world
  x: 9137.138968741812
  y: 67.0
  z: 9539.782019736158
  yaw: -126.12027
  pitch: 0.0
money: '99.0'
