lastlocation:
  world: world
  x: 9128.991924266744
  y: 67.0
  z: 9541.471441937043
  yaw: -96.511795
  pitch: 0.0
money: '99.0'
