lastlocation:
  world: world
  x: 9127.517708418352
  y: 65.76636799395752
  z: 9533.442756770177
  yaw: 0.0
  pitch: 0.0
money: '99.0'
