lastlocation:
  world: world
  x: 9127.627252129387
  y: 65.92159999847412
  z: 9533.4973100456
  yaw: 0.0
  pitch: 0.0
money: '99.0'
