lastlocation:
  world: world
  x: 10355.00507547748
  y: 66.0
  z: 9832.585441240442
  yaw: 107.17038
  pitch: -4.9773
