lastlocation:
  world: world
  x: 9137.1294709333
  y: 67.0
  z: 9548.752518624551
  yaw: 120.964516
  pitch: -8.558523
timestamps:
  login: 1373633865018
  logout: 1373634013844
ipAddress: 90.51.161.144
logoutlocation:
  world: world
  x: 9115.300000011921
  y: 63.0
  z: 9499.300000011921
  yaw: 341.62445
  pitch: -3.2942638
money: '103.0'
