lastlocation:
  world: world
  x: 9152.881553368341
  y: 67.0
  z: 9571.656036329527
  yaw: 50.850002
  pitch: 8.249994
timestamps:
  login: 1372969279376
  logout: 1372969722417
ipAddress: 187.34.158.58
logoutlocation:
  world: world
  x: 9138.438420043376
  y: 67.0
  z: 9520.628786884257
  yaw: 64.79985
  pitch: 1.9499707
money: '114.0'
