lastlocation:
  world: world
  x: 9147.805085789092
  y: 71.10408037809304
  z: 9550.422711688974
  yaw: -282.61395
  pitch: 19.718405
timestamps:
  login: 1373910181658
  logout: 1373910234298
ipAddress: 201.82.35.241
logoutlocation:
  world: world
  x: 9118.761611929449
  y: 66.9140114523433
  z: 9559.539212094458
  yaw: -174.3136
  pitch: 9.968399
money: '105.0'
