lastlocation:
  world: world
  x: 9151.866273014857
  y: 67.0
  z: 9565.300000011921
  yaw: -145.49997
  pitch: 6.450008
timestamps:
  login: 1372874649022
  logout: 1372874799191
ipAddress: 179.214.150.165
logoutlocation:
  world: world
  x: 9196.564493241505
  y: 74.0
  z: 9622.26710092325
  yaw: -52.7994
  pitch: 11.850019
money: '104.0'
