lastlocation:
  world: world
  x: -379.69999998807907
  y: 20.0
  z: -488.7139757791151
  yaw: -0.11047363
  pitch: 34.500237
timestamps:
  login: 1370699399955
  lastteleport: 1370700876321
  kits:
    tools: 1370698059146
    firework: 1370701135478
    color: 1370698051248
  logout: 1370701553136
ipAddress: 2.0.7.40
homes:
  home:
    world: world
    x: -237.89624589609184
    y: 64.0
    z: -322.13996182250753
    yaw: 274.23456
    pitch: 44.7
logoutlocation:
  world: world
  x: -380.656407964824
  y: 67.0
  z: -489.54960426032756
  yaw: 189.33942
  pitch: 53.400005
money: '224.0'
mail:
- 'eyesofcreeper: Pour me repondre : /mail send eyesofcreeper MESSAGE'
- 'eyesofcreeper: Coucou ! Petit sondage, tu aimes le nouveaau spawn ? Es que tout
  ce passe bien ? eyes'
