lastlocation:
  world: world
  x: 9153.519081181514
  y: 67.0
  z: 9543.841726889625
  yaw: -25.649998
  pitch: -5.25
timestamps:
  login: 1372879963089
  logout: 1372880083423
ipAddress: 2.81.43.64
logoutlocation:
  world: world
  x: 9194.196778676174
  y: 61.0
  z: 9575.284741341282
  yaw: 87.299995
  pitch: -2.55
money: '104.0'
