lastlocation:
  world: world
  x: 9198.5
  y: 73.0
  z: 9549.5
  yaw: -270.3141
  pitch: 8.9184065
timestamps:
  login: 1373541970889
  logout: 1373542071851
ipAddress: 187.58.121.155
logoutlocation:
  world: world
  x: 9197.640794911871
  y: 73.0
  z: 9550.02525921962
  yaw: 22.528013
  pitch: 6.2545547
money: '102.0'
