lastlocation:
  world: world
  x: 9198.0
  y: 73.0
  z: 9549.0
  yaw: 0.0
  pitch: 0.0
timestamps:
  login: 1372718315404
  logout: 1372718422491
ipAddress: 189.29.25.190
logoutlocation:
  world: world
  x: 9122.740514244431
  y: 67.0
  z: 9549.545706169116
  yaw: 111.29993
  pitch: 20.400002
money: '102.0'
