lastlocation:
  world: world
  x: 1.6999999880790708
  y: 64.0
  z: 49.55820065479094
  yaw: -37.46631
  pitch: 25.993198
timestamps:
  login: 1371886711679
  logout: 1371886716386
  lastteleport: 1371579424781
  kits:
    tools: 1371579470787
    firework: 1371403121351
ipAddress: 90.61.111.191
logoutlocation:
  world: world
  x: 0.0
  y: 63.0
  z: 0.0
  yaw: 0.0
  pitch: 0.0
money: '70.0'
homes:
  home:
    world: world
    x: 239.75617931484413
    y: 63.0
    z: -160.66173782664805
    yaw: -130.46246
    pitch: 16.543257
mail:
- 'eyesofcreeper: Pour me repondre : /mail send eyesofcreeper MESSAGE'
- 'eyesofcreeper: Coucou ! Petit sondage, tu aimes le nouveaau spawn ? Es que tout
  ce passe bien ? eyes'
