lastlocation:
  world: world
  x: 9143.24526968024
  y: 71.3199245383845
  z: 9547.670704878848
  yaw: -322.9734
  pitch: 5.815527
timestamps:
  login: 1375209952160
  logout: 1375210216792
ipAddress: 177.96.151.110
logoutlocation:
  world: world
  x: 9198.208156884722
  y: 73.0
  z: 9549.248034433522
  yaw: -316.3377
  pitch: -16.386086
money: '103.0'
