lastlocation:
  world: world
  x: 9138.699999988079
  y: 67.0
  z: 9520.300000011921
  yaw: -312.36383
  pitch: 19.610746
timestamps:
  login: 1374688220426
  logout: 1374688649914
  lastteleport: 1374688604113
ipAddress: 78.242.132.23
logoutlocation:
  world: world
  x: 9138.300000011921
  y: 67.0
  z: 9520.300000011921
  yaw: 13.44421
  pitch: 13.016523
money: '108.0'
