lastlocation:
  world: world
  x: 9198.5
  y: 73.0
  z: 9549.5
  yaw: -272.36993
  pitch: 13.964556
timestamps:
  login: 1373484953313
  logout: 1373484983298
  lastteleport: 1373484968048
ipAddress: 179.232.207.57
logoutlocation:
  world: world
  x: 9198.5
  y: 73.0
  z: 9549.5
  yaw: -270.3141
  pitch: 8.9184065
money: '268.0'
