lastlocation:
  world: world
  x: 9198.5
  y: 73.0
  z: 9549.5
  yaw: -270.3141
  pitch: 8.9184065
timestamps:
  login: 1374807898973
  kits:
    color: 1374808006958
    start: 1374807995557
    notch: 1374807976957
  logout: 1374808041654
ipAddress: 189.38.225.129
logoutlocation:
  world: world
  x: 9198.0
  y: 73.0
  z: 9549.0
  yaw: 2.0379457
  pitch: -0.33965784
money: '104.0'
