lastlocation:
  world: world
  x: 9124.015014175935
  y: 67.0
  z: 9558.579645876162
  yaw: -261.89993
  pitch: 15.75001
timestamps:
  login: 1373385493742
  logout: 1373385591608
ipAddress: 78.206.8.2
logoutlocation:
  world: world
  x: 9129.819402895262
  y: 61.495655214758074
  z: 9627.871499530997
  yaw: -38.39969
  pitch: 2.249939
money: '102.0'
