lastlocation:
  world: world
  x: 9198.5
  y: 73.0
  z: 9549.5
  yaw: -271.51996
  pitch: 8.9184065
timestamps:
  login: 1374090299209
  logout: 1374090422787
ipAddress: 80.185.223.59
logoutlocation:
  world: world
  x: 9179.109940973893
  y: 72.0
  z: 9547.654100544636
  yaw: 115.16053
  pitch: 29.845268
money: '104.0'
