lastlocation:
  world: world
  x: 9121.038230234999
  y: 72.0
  z: 9574.7422393373
  yaw: -135.9133
  pitch: 34.950012
timestamps:
  login: 1375641708559
  lastteleport: 1375642069605
  logout: 1375642135550
ipAddress: 93.14.250.192
logoutlocation:
  world: world
  x: 9198.208156884722
  y: 73.0
  z: 9549.248034433522
  yaw: -270.3141
  pitch: 8.9184065
money: '113.0'
