lastlocation:
  world: world
  x: 9128.39309217318
  y: 69.0
  z: 9573.540732160001
  yaw: -126.015526
  pitch: 49.5
timestamps:
  login: 1375960223692
  logout: 1375960677704
  lastteleport: 1375960442276
ipAddress: 2.3.120.111
logoutlocation:
  world: world
  x: 9128.39309217318
  y: 69.0
  z: 9573.540732160001
  yaw: -126.015526
  pitch: 49.2
money: '118.0'
