lastlocation:
  world: world
  x: 9143.620542077462
  y: 68.04327946157953
  z: 9559.311980718201
  yaw: -223.20012
  pitch: 14.250001
timestamps:
  login: 1373035725059
  logout: 1373035929327
ipAddress: 83.203.201.125
logoutlocation:
  world: world
  x: 9128.244309105286
  y: 67.0
  z: 9537.28117221311
  yaw: 329.09982
  pitch: 6.300016
money: '106.0'
