lastlocation:
  world: world
  x: 9148.164952870766
  y: 70.0
  z: 9549.321965349289
  yaw: -270.16403
  pitch: 22.718407
timestamps:
  login: 1377165596977
  logout: 1377165685545
ipAddress: 83.205.115.114
logoutlocation:
  world: world
  x: 9194.822584311914
  y: 72.0
  z: 9545.813242359844
  yaw: -238.06409
  pitch: 4.4184074
