lastlocation:
  world: world
  x: 9198.0
  y: 73.0
  z: 9549.0
  yaw: 0.0
  pitch: 0.0
timestamps:
  login: 1373490769138
  lastteleport: 1373469901443
  logout: 1373490937393
ipAddress: 177.4.15.89
logoutlocation:
  world: world
  x: 54.69999998807907
  y: 59.0
  z: -64.69999998807907
  yaw: 217.49823
  pitch: 0.29757726
money: '111.0'
