lastlocation:
  world: world
  x: 9198.0
  y: 73.0
  z: 9549.0
  yaw: 0.0
  pitch: 0.0
timestamps:
  login: 1373498469934
  logout: 1373498479893
ipAddress: 177.84.145.101
logoutlocation:
  world: world
  x: 9199.347728689496
  y: 73.0
  z: 9549.7561033287
  yaw: 112.66039
  pitch: 68.65051
money: '117.0'
