lastlocation:
  world: world
  x: 9123.9051992355
  y: 67.0
  z: 9559.068510314019
  yaw: -163.6641
  pitch: 26.918396
timestamps:
  login: 1374004251485
  logout: 1374004674474
ipAddress: 201.82.220.40
logoutlocation:
  world: world
  x: 9121.51177259374
  y: 70.0
  z: 9553.330913029851
  yaw: -110.114105
  pitch: 33.968388
money: '113.0'
