lastlocation:
  world: world
  x: 9148.256827244139
  y: 70.0
  z: 9548.527523211511
  yaw: -275.03116
  pitch: 19.082039
timestamps:
  login: 1374078177578
  logout: 1374078373443
ipAddress: 83.113.218.54
logoutlocation:
  world: world
  x: 9198.208156884722
  y: 73.0
  z: 9549.248034433522
  yaw: -270.3141
  pitch: 8.9184065
money: '107.0'
