lastlocation:
  world: world
  x: 9198.5
  y: 73.0
  z: 9549.5
  yaw: -270.3141
  pitch: 8.9184065
timestamps:
  login: 1375463266569
  logout: 1375463403454
ipAddress: 109.128.94.166
logoutlocation:
  world: world
  x: 9193.248230309155
  y: 72.0
  z: 9553.795785218153
  yaw: -329.6997
  pitch: 37.350018
money: '104.0'
