lastlocation:
  world: world
  x: 9198.5
  y: 73.0
  z: 9549.5
  yaw: -271.21408
  pitch: 8.9184065
timestamps:
  login: 1372830036219
  logout: 1372830038129
ipAddress: 187.10.35.153
logoutlocation:
  world: world
  x: 9198.0
  y: 73.0
  z: 9549.0
  yaw: 0.0
  pitch: 0.0
money: '100.0'
