lastlocation:
  world: world
  x: 9198.0
  y: 73.0
  z: 9549.0
  yaw: 0.0
  pitch: 0.0
timestamps:
  login: 1373026874181
  logout: 1373026894528
  lastteleport: 1372950034781
ipAddress: 77.203.147.156
logoutlocation:
  world: world
  x: 9191.163637682575
  y: 72.0
  z: 9549.217662916462
  yaw: -140.44946
  pitch: -17.107864
money: '107.0'
