lastlocation:
  world: world
  x: 9198.5
  y: 73.0
  z: 9549.5
  yaw: -270.3141
  pitch: 8.768407
timestamps:
  login: 1373065284513
  logout: 1373065358859
ipAddress: 177.177.160.60
logoutlocation:
  world: world
  x: 9151.719272357044
  y: 71.0
  z: 9549.498067255709
  yaw: -271.65005
  pitch: 23.999994
money: '102.0'
