lastlocation:
  world: world
  x: 9198.0
  y: 73.0
  z: 9549.0
  yaw: 0.0
  pitch: 0.0
timestamps:
  login: 1373047917898
  logout: 1373048038477
ipAddress: 189.63.200.13
logoutlocation:
  world: world
  x: 9188.699999988079
  y: 72.0
  z: 9552.931085579781
  yaw: 123.59321
  pitch: 25.50723
money: '107.0'
