lastlocation:
  world: world
  x: 9198.5
  y: 73.0
  z: 9549.5
  yaw: -270.3141
  pitch: 8.9184065
timestamps:
  login: 1373740649359
  logout: 1373740786002
ipAddress: 37.106.100.87
logoutlocation:
  world: world
  x: 9197.903676628779
  y: 61.0
  z: 9524.567774820041
  yaw: -83.85266
  pitch: 11.974172
money: '49.0'
