lastlocation:
  world: world
  x: 9147.384415670213
  y: 71.0155550727022
  z: 9551.363639366073
  yaw: 85.79999
  pitch: 22.049995
timestamps:
  login: 1374163251124
  logout: 1374163436427
ipAddress: 46.230.86.186
logoutlocation:
  world: world
  x: 9198.208156884722
  y: 73.0
  z: 9549.248034433522
  yaw: -270.3141
  pitch: 8.9184065
money: '105.0'
