lastlocation:
  world: world
  x: 9198.0
  y: 73.0
  z: 9549.0
  yaw: 0.0
  pitch: 0.0
timestamps:
  login: 1375677938618
  logout: 1375677974583
ipAddress: 2.91.92.105
logoutlocation:
  world: world
  x: 9189.174978275636
  y: 72.0
  z: 9530.742139219241
  yaw: 27.825325
  pitch: 41.775257
money: '100.0'
