lastlocation:
  world: world
  x: 9198.0
  y: 73.0
  z: 9549.0
  yaw: 0.0
  pitch: 0.0
timestamps:
  login: 1373092171532
  logout: 1373092200122
ipAddress: 90.148.41.189
logoutlocation:
  world: world
  x: 9198.5
  y: 73.0
  z: 9549.5
  yaw: -271.06406
  pitch: 9.068406
money: '100.0'
