lastlocation:
  world: world
  x: 9148.003486414027
  y: 70.0
  z: 9547.643307882625
  yaw: 64.04999
  pitch: 22.950012
timestamps:
  login: 1373637236704
  logout: 1373637368843
ipAddress: 37.106.157.5
logoutlocation:
  world: world
  x: 9198.208156884722
  y: 73.0
  z: 9549.248034433522
  yaw: -270.3141
  pitch: 8.9184065
money: '103.0'
