lastlocation:
  world: world
  x: 9198.0
  y: 73.0
  z: 9549.0
  yaw: 0.0
  pitch: 0.0
timestamps:
  login: 1375920330402
  logout: 1375920370906
ipAddress: 2.90.94.54
logoutlocation:
  world: world
  x: 9191.251077037488
  y: 72.0
  z: 9533.103719370387
  yaw: 67.11866
  pitch: 90.0
money: '100.0'
