lastlocation:
  world: world
  x: 9198.0
  y: 73.0
  z: 9549.0
  yaw: 0.0
  pitch: 0.0
timestamps:
  login: 1374321185936
  logout: 1374321202165
ipAddress: 109.12.145.54
logoutlocation:
  world: world
  x: 9198.5
  y: 73.0
  z: 9549.5
  yaw: -271.51407
  pitch: 9.218407
money: '100.0'
