lastlocation:
  world: world
  x: 9200.654676769129
  y: 72.0
  z: 9536.822724180587
  yaw: -32.26422
  pitch: -13.731576
timestamps:
  login: 1373501922347
  logout: 1373501929893
  lastteleport: 1373384448408
ipAddress: 188.83.40.221
logoutlocation:
  world: world
  x: 9198.0
  y: 73.0
  z: 9549.0
  yaw: 0.0
  pitch: 0.0
money: '110.0'
