lastlocation:
  world: world
  x: 9148.235923380953
  y: 70.73765918599449
  z: 9551.814012515608
  yaw: 89.25003
  pitch: 26.100025
timestamps:
  login: 1374613687725
  logout: 1374613908993
ipAddress: 188.50.221.31
logoutlocation:
  world: world
  x: 9133.252629830897
  y: 67.0
  z: 9563.250607140404
  yaw: 136.20013
  pitch: 13.349981
money: '105.0'
