lastlocation:
  world: world
  x: 9198.5
  y: 73.0
  z: 9549.5
  yaw: -270.4923
  pitch: 8.740181
timestamps:
  login: 1373942850579
  logout: 1373943007911
ipAddress: 77.31.169.255
logoutlocation:
  world: world
  x: 9186.638321847397
  y: 72.0
  z: 9534.924803661635
  yaw: -111.76271
  pitch: 17.818691
money: '104.0'
