lastlocation:
  world: world
  x: 9148.057167366786
  y: 70.0
  z: 9548.113368544375
  yaw: 74.99999
  pitch: 22.800009
timestamps:
  login: 1373911593235
  logout: 1373911766797
ipAddress: 189.72.137.95
logoutlocation:
  world: world
  x: 9147.939398097815
  y: 70.0
  z: 9548.14449680859
  yaw: 74.99999
  pitch: 22.800009
money: '104.0'
