lastlocation:
  world: world
  x: 9147.629586714485
  y: 71.10408037809304
  z: 9548.66420405178
  yaw: 91.556244
  pitch: 33.965755
timestamps:
  login: 1372786699744
  logout: 1372786915633
ipAddress: 201.43.125.25
logoutlocation:
  world: world
  x: 9198.208156884722
  y: 73.0
  z: 9549.248034433522
  yaw: -270.3141
  pitch: 8.9184065
money: '105.0'
