lastlocation:
  world: world
  x: 9127.861556767464
  y: 69.0
  z: 9573.527818644841
  yaw: -99.59984
  pitch: 33.60005
timestamps:
  login: 1373361721825
  logout: 1373362046978
ipAddress: 188.83.174.121
logoutlocation:
  world: world
  x: 9126.9985072911
  y: 67.5
  z: 9575.773957733009
  yaw: -147.29997
  pitch: 1.5000602
money: '110.0'
