lastlocation:
  world: world
  x: 9198.5
  y: 73.0
  z: 9549.5
  yaw: -270.3141
  pitch: 8.9184065
timestamps:
  login: 1373226586209
  logout: 1373226604342
ipAddress: 189.28.247.62
logoutlocation:
  world: world
  x: 9193.5360250541
  y: 72.0
  z: 9549.477512451605
  yaw: 104.40003
  pitch: -32.399998
money: '102.0'
