lastlocation:
  world: world
  x: 9198.5
  y: 73.0
  z: 9549.5
  yaw: -270.1641
  pitch: 9.068406
timestamps:
  login: 1374533077067
  logout: 1374533160730
ipAddress: 201.17.232.16
logoutlocation:
  world: world
  x: 9200.370843607223
  y: 61.0
  z: 9526.6989176723
  yaw: 260.39996
  pitch: 4.349995
money: '102.0'
