lastlocation:
  world: world
  x: 9143.699999988079
  y: 67.54058937511704
  z: 9557.948963168072
  yaw: -166.04993
  pitch: -53.099995
timestamps:
  login: 1374692309728
  logout: 1374692884913
ipAddress: 187.74.166.211
logoutlocation:
  world: world
  x: 9214.068889117738
  y: 61.0
  z: 9531.64610330021
  yaw: 101.085815
  pitch: 15.518395
money: '117.0'
