lastlocation:
  world: world
  x: 9198.5
  y: 73.0
  z: 9549.5
  yaw: -270.15723
  pitch: 7.8987646
timestamps:
  login: 1372965035425
  logout: 1372965038118
ipAddress: 109.208.142.160
logoutlocation:
  world: world
  x: 9198.0
  y: 73.0
  z: 9549.0
  yaw: 0.0
  pitch: 0.0
money: '100.0'
