lastlocation:
  world: world
  x: 9148.462724239278
  y: 64.0
  z: 9477.699999988079
  yaw: -51.750694
  pitch: -1.7999865
timestamps:
  login: 1374879529328
  logout: 1374879531247
ipAddress: 82.64.176.126
logoutlocation:
  world: world
  x: 9198.0
  y: 73.0
  z: 9549.0
  yaw: 0.0
  pitch: 0.0
money: '110.0'
