lastlocation:
  world: world
  x: 9148.187666759124
  y: 70.0
  z: 9548.591066514791
  yaw: 100.20003
  pitch: 13.9500065
timestamps:
  login: 1374628261336
  logout: 1374628776731
ipAddress: 201.79.237.246
logoutlocation:
  world: world
  x: 9096.003972931878
  y: 66.0
  z: 9583.472545806802
  yaw: 96.6
  pitch: 3.1500027
money: '116.0'
