lastlocation:
  world: world
  x: 9143.691584267654
  y: 67.0
  z: 9557.956384554154
  yaw: 327.14984
  pitch: 9.150007
timestamps:
  login: 1373028577748
  logout: 1373028667059
ipAddress: 187.126.44.145
logoutlocation:
  world: world
  x: 9117.076493631175
  y: 74.0
  z: 9541.020749486004
  yaw: 152.69994
  pitch: 50.850006
money: '102.0'
