lastlocation:
  world: world
  x: 9198.5
  y: 73.0
  z: 9549.5
  yaw: -270.3141
  pitch: 8.9184065
timestamps:
  login: 1374456658008
  logout: 1374456687931
ipAddress: 177.84.145.91
logoutlocation:
  world: world
  x: 9198.0
  y: 73.0
  z: 9550.898443967375
  yaw: 0.0
  pitch: 0.0
money: '100.0'
