lastlocation:
  world: world
  x: 9147.992665684842
  y: 70.0
  z: 9553.546271344743
  yaw: -275.84912
  pitch: 21.000017
timestamps:
  login: 1373997807453
  logout: 1373998081974
ipAddress: 91.178.115.6
logoutlocation:
  world: world
  x: 9142.073172406306
  y: 67.01803750026878
  z: 9553.518452040376
  yaw: -89.699066
  pitch: 60.30001
money: '8.0'
