lastlocation:
  world: world
  x: 9198.5
  y: 73.0
  z: 9549.5
  yaw: -270.3141
  pitch: 8.9184065
timestamps:
  login: 1374686178045
  logout: 1374686383185
ipAddress: 177.126.98.166
logoutlocation:
  world: world
  x: 9158.710783169954
  y: 72.0
  z: 9561.785535078423
  yaw: 3.1992188
  pitch: 26.423582
money: '106.0'
