lastlocation:
  world: world
  x: 9198.5
  y: 73.0
  z: 9549.5
  yaw: -270.3141
  pitch: 8.849437
timestamps:
  login: 1373621857988
  logout: 1373621889652
ipAddress: 85.27.116.59
logoutlocation:
  world: world
  x: 9198.0
  y: 73.0
  z: 9549.0
  yaw: -3.6553922
  pitch: -1.4483625
money: '100.0'
