lastlocation:
  world: world
  x: 9080.650520436815
  y: 65.0
  z: 9557.9043078431
  yaw: 177.44972
  pitch: 38.699993
timestamps:
  login: 1372980127652
  logout: 1372980276988
ipAddress: 186.232.248.54
logoutlocation:
  world: world
  x: 9093.204153957942
  y: 69.5
  z: 9552.198762667356
  yaw: -33.7503
  pitch: -7.9499993
money: '114.0'
