lastlocation:
  world: world
  x: 9198.5
  y: 73.0
  z: 9549.5
  yaw: -270.3141
  pitch: 8.9184065
timestamps:
  login: 1372879143840
  logout: 1372879226864
ipAddress: 177.159.196.22
logoutlocation:
  world: world
  x: 9191.514118038674
  y: 72.0
  z: 9551.117236520799
  yaw: 99.47889
  pitch: 18.601757
money: '102.0'
