lastlocation:
  world: world
  x: 9147.916068953173
  y: 71.10408037809304
  z: 9549.225974590052
  yaw: -279.2201
  pitch: 18.68943
timestamps:
  login: 1374255625831
  logout: 1374255737092
ipAddress: 187.61.139.234
logoutlocation:
  world: world
  x: 9132.884781311319
  y: 67.0
  z: 9562.320341480436
  yaw: -336.78345
  pitch: 39.62157
money: '102.0'
