lastlocation:
  world: world
  x: 9143.539518794976
  y: 71.70883391333994
  z: 9548.973924652923
  yaw: -275.11407
  pitch: 11.1684065
timestamps:
  login: 1377308542354
  logout: 1377308588989
ipAddress: 189.41.103.146
logoutlocation:
  world: world
  x: 9147.663596196096
  y: 70.0
  z: 9548.49483265962
  yaw: -275.11407
  pitch: 11.1684065
