lastlocation:
  world: world
  x: 9148.180056490997
  y: 70.0
  z: 9550.330161774156
  yaw: -275.54968
  pitch: 9.750016
timestamps:
  login: 1372995376959
  logout: 1372995401433
ipAddress: 187.18.245.158
logoutlocation:
  world: world
  x: 9141.673742587978
  y: 67.0
  z: 9551.587486716444
  yaw: -147.5997
  pitch: 10.200014
money: '104.0'
