lastlocation:
  world: world
  x: 9148.210546487902
  y: 70.0
  z: 9548.020123706841
  yaw: 76.035934
  pitch: 7.1999974
timestamps:
  login: 1373658410863
  logout: 1373658683302
ipAddress: 179.192.47.205
logoutlocation:
  world: world
  x: 9198.208156884722
  y: 73.0
  z: 9549.248034433522
  yaw: -270.3141
  pitch: 8.9184065
money: '108.0'
