lastlocation:
  world: world
  x: 9198.0
  y: 73.0
  z: 9549.0
  yaw: 0.0
  pitch: 0.0
timestamps:
  login: 1374145295333
  logout: 1374145344389
ipAddress: 92.143.110.203
logoutlocation:
  world: world
  x: 9198.5
  y: 73.0
  z: 9549.5
  yaw: -271.23938
  pitch: 12.413978
money: '100.0'
