lastlocation:
  world: world
  x: 9197.667834541338
  y: 72.0
  z: 9542.96882938175
  yaw: -287.09985
  pitch: 8.399993
timestamps:
  login: 1373092558539
  lastteleport: 1373092602272
  logout: 1373092620122
ipAddress: 90.148.41.189
logoutlocation:
  world: world_the_end
  x: 73.70576872672237
  y: 52.0
  z: -15.035714519485301
  yaw: 18.057571
  pitch: 16.064398
money: '102.0'
