lastlocation:
  world: world
  x: 9198.0
  y: 73.0
  z: 9549.0
  yaw: 0.0
  pitch: 0.0
timestamps:
  login: 1376097108524
  logout: 1376097136194
ipAddress: 177.207.72.113
logoutlocation:
  world: world
  x: 9193.273871990465
  y: 72.0
  z: 9556.406606660677
  yaw: -323.42905
  pitch: 25.345705
money: '100.0'
