lastlocation:
  world: world
  x: 9198.0
  y: 73.0
  z: 9549.0
  yaw: 0.0
  pitch: 0.0
timestamps:
  login: 1374711905648
  logout: 1374712023738
ipAddress: 186.194.5.2
logoutlocation:
  world: world
  x: 9198.208156884722
  y: 73.0
  z: 9549.248034433522
  yaw: -270.1641
  pitch: 6.6684065
afk: false
money: '675.0'
