lastlocation:
  world: world
  x: 9151.943131296708
  y: 67.0
  z: 9529.677372433258
  yaw: -79.93986
  pitch: 31.55157
timestamps:
  login: 1374770860893
  logout: 1374771223625
ipAddress: 78.245.105.240
logoutlocation:
  world: world
  x: 9138.699999988079
  y: 67.0
  z: 9520.699999988079
  yaw: 296.61063
  pitch: 37.06757
money: '98.0'
