lastlocation:
  world: world
  x: 9198.5
  y: 73.0
  z: 9549.5
  yaw: -269.8641
  pitch: 9.368405
timestamps:
  login: 1374762920925
  logout: 1374762956310
ipAddress: 2.2.117.250
logoutlocation:
  world: world
  x: 9193.998918957019
  y: 72.0
  z: 9543.945680486193
  yaw: -158.55
  pitch: 8.25
money: '100.0'
