lastlocation:
  world: world
  x: 9198.0
  y: 73.0
  z: 9549.0
  yaw: 0.0
  pitch: 0.0
timestamps:
  login: 1377024128366
  logout: 1377024162636
ipAddress: 184.163.148.229
logoutlocation:
  world: world
  x: 9198.520758652161
  y: 73.0
  z: 9548.11048126623
  yaw: 50.385918
  pitch: 18.36841
