lastlocation:
  world: world
  x: 9148.110681772774
  y: 70.0
  z: 9552.435345177688
  yaw: -257.56403
  pitch: 24.818415
timestamps:
  login: 1375874512215
  logout: 1375874941008
ipAddress: 31.33.102.175
logoutlocation:
  world: world
  x: 9198.7914711803
  y: 73.0
  z: 9551.256045159818
  yaw: -238.36412
  pitch: 18.668402
money: '118.0'
