lastlocation:
  world: world
  x: 9133.062852310308
  y: 67.0
  z: 9553.443545563054
  yaw: -305.71375
  pitch: 11.168398
timestamps:
  login: 1375565176123
  logout: 1375565552350
ipAddress: 90.63.2.218
logoutlocation:
  world: world
  x: 9134.432849647024
  y: 70.0155550727022
  z: 9584.711064050964
  yaw: 71.38619
  pitch: -4.881592
money: '117.0'
