lastlocation:
  world: world
  x: 9151.866591334478
  y: 67.0
  z: 9539.621279358014
  yaw: 278.09964
  pitch: 9.000029
timestamps:
  login: 1373397362796
  logout: 1373397739625
ipAddress: 188.251.8.15
logoutlocation:
  world: world
  x: 9150.16504434238
  y: 67.0
  z: 9538.314898847933
  yaw: 164.54973
  pitch: 23.700035
money: '113.0'
