lastlocation:
  world: world
  x: 9148.163252477096
  y: 71.10408037809304
  z: 9552.20996040214
  yaw: -272.7135
  pitch: 17.018406
timestamps:
  login: 1374520803806
  lastteleport: 1374521236429
  logout: 1374521391629
ipAddress: 177.156.63.223
logoutlocation:
  world: world
  x: 9116.706904719496
  y: 67.0
  z: 9522.699999988079
  yaw: -37.813354
  pitch: -0.15000734
money: '118.0'
