lastlocation:
  world: world
  x: 9198.5
  y: 73.0
  z: 9549.5
  yaw: -270.3141
  pitch: 8.9184065
timestamps:
  login: 1373390258360
  logout: 1373390316986
ipAddress: 177.221.36.101
logoutlocation:
  world: world
  x: 9204.679459284027
  y: 72.0
  z: 9553.839924118622
  yaw: 16.949982
  pitch: 4.9500027
money: '102.0'
