lastlocation:
  world: world
  x: 9198.0
  y: 73.0
  z: 9549.0
  yaw: 0.0
  pitch: 0.0
timestamps:
  login: 1374242552788
  logout: 1374242582946
ipAddress: 86.67.24.3
logoutlocation:
  world: world
  x: 9198.0
  y: 73.0
  z: 9549.0
  yaw: 1.883896
  pitch: 2.5432591
money: '102.0'
