lastlocation:
  world: world
  x: 9198.5
  y: 73.0
  z: 9549.5
  yaw: -270.3141
  pitch: 8.9184065
timestamps:
  login: 1373178410358
  logout: 1373178467556
ipAddress: 90.0.82.248
logoutlocation:
  world: world
  x: 9192.385374128315
  y: 72.0
  z: 9565.4884505634
  yaw: 294.6
  pitch: 24.450008
money: '100.0'
