lastlocation:
  world: world
  x: 9198.5
  y: 73.0
  z: 9549.5
  yaw: -270.3141
  pitch: 8.9184065
timestamps:
  login: 1372895893530
  logout: 1372895925884
ipAddress: 189.104.38.210
logoutlocation:
  world: world
  x: 9198.44718830036
  y: 73.0
  z: 9550.830745662895
  yaw: 4.049973
  pitch: 3.5999985
money: '100.0'
