lastlocation:
  world: world
  x: 9198.5
  y: 73.0
  z: 9549.5
  yaw: -266.40726
  pitch: 3.263806
timestamps:
  login: 1374336110479
  logout: 1374336168591
  mute: 1374481518854
ipAddress: 92.143.110.203
logoutlocation:
  world: world
  x: 9198.0
  y: 73.0
  z: 9549.0
  yaw: 0.0
  pitch: 0.0
money: '100.0'
muted: true
