lastlocation:
  world: world
  x: 9124.104108674426
  y: 67.0
  z: 9558.079415179782
  yaw: 150.87561
  pitch: 11.692946
timestamps:
  login: 1374268312932
  logout: 1374268845029
ipAddress: 187.34.93.144
logoutlocation:
  world: world
  x: 9066.00553466008
  y: 66.0
  z: 9577.021938813274
  yaw: 270.1985
  pitch: 15.787359
money: '116.0'
