lastlocation:
  world: world
  x: 0.0
  y: 63.0
  z: 0.0
  yaw: 0.0
  pitch: 0.0
timestamps:
  login: 1371077557151
  lastteleport: 1370715238169
  logout: 1371077702370
  kits:
    tools: 1371077632722
    color: 1371077613072
    firework: 1371077594922
ipAddress: 177.156.83.104
logoutlocation:
  world: world
  x: 0.5
  y: 63.0
  z: 0.5
  yaw: 179.88367
  pitch: 3.043203
money: '68.0'
mail:
- 'eyesofcreeper: Pour me repondre : /mail send eyesofcreeper MESSAGE'
- 'eyesofcreeper: Coucou ! Petit sondage, tu aimes le nouveaau spawn ? Es que tout
  ce passe bien ? eyes'
