lastlocation:
  world: world
  x: 9147.347237321515
  y: 71.0155550727022
  z: 9549.401094463055
  yaw: -268.6499
  pitch: 35.249992
timestamps:
  login: 1374154843340
  logout: 1374155117672
ipAddress: 95.176.104.112
logoutlocation:
  world: world
  x: 9198.208156884722
  y: 73.0
  z: 9549.248034433522
  yaw: -270.3141
  pitch: 8.9184065
money: '107.0'
