lastlocation:
  world: world
  x: 9148.068833183233
  y: 70.0
  z: 9549.383464072971
  yaw: -274.42743
  pitch: 28.278917
timestamps:
  login: 1374011453488
  logout: 1374011624474
ipAddress: 2.81.202.57
logoutlocation:
  world: world
  x: 9032.574584120392
  y: 69.0
  z: 9619.41996235744
  yaw: 133.7667
  pitch: 89.83017
money: '115.0'
