lastlocation:
  world: world
  x: 9134.699999988079
  y: 67.0
  z: 9562.699999988079
  yaw: 181.5929
  pitch: 5.789842
timestamps:
  login: 1373673815033
  logout: 1373674115983
ipAddress: 177.9.241.250
logoutlocation:
  world: world
  x: 9127.055907336382
  y: 70.0
  z: 9535.361846135205
  yaw: 290.99063
  pitch: 39.90578
money: '114.0'
