lastlocation:
  world: world
  x: 9150.243171553555
  y: 63.48391922190903
  z: 9668.78491096454
  yaw: 169.9267
  pitch: -75.14132
timestamps:
  login: 1373303843746
  logout: 1373304300295
ipAddress: 186.237.74.57
logoutlocation:
  world: world
  x: 9198.208156884722
  y: 73.0
  z: 9549.248034433522
  yaw: -270.3141
  pitch: 8.9184065
money: '14.0'
