lastlocation:
  world: world
  x: 9198.5
  y: 73.0
  z: 9549.5
  yaw: -275.71405
  pitch: 8.318408
timestamps:
  login: 1372971977442
  logout: 1372972034917
ipAddress: 78.221.141.216
logoutlocation:
  world: world
  x: 9198.0
  y: 73.0
  z: 9549.0
  yaw: 0.0
  pitch: 0.0
money: '100.0'
