lastlocation:
  world: world
  x: 9128.977953901252
  y: 69.0
  z: 9573.63372355205
  yaw: 89.849785
  pitch: -5.5500016
timestamps:
  login: 1373794142464
  logout: 1373794148371
ipAddress: 82.126.190.132
logoutlocation:
  world: world
  x: 9128.997553830704
  y: 69.0
  z: 9573.633670936573
  yaw: 89.849785
  pitch: -5.5500016
money: '102.0'
