lastlocation:
  world: world
  x: 9198.0
  y: 73.0
  z: 9549.0
  yaw: 0.0
  pitch: 0.0
timestamps:
  login: 1373150024724
  logout: 1373150255622
ipAddress: 186.237.165.80
logoutlocation:
  world: world
  x: 9192.861878090207
  y: 61.0
  z: 9527.13834829213
  yaw: 134.69998
  pitch: 53.1
money: '106.0'
