lastlocation:
  world: world
  x: 9198.5
  y: 73.0
  z: 9549.5
  yaw: -268.84558
  pitch: 16.890297
timestamps:
  login: 1373459851373
  logout: 1373460081546
ipAddress: 79.170.54.12
logoutlocation:
  world: world
  x: 9200.735128842362
  y: 72.0
  z: 9541.805410532
  yaw: 136.58353
  pitch: 9.232178
money: '31.0'
