lastlocation:
  world: world
  x: 9147.529007431078
  y: 71.31702962044928
  z: 9549.57968947727
  yaw: 99.88553
  pitch: 22.718412
timestamps:
  login: 1374710027522
  logout: 1374710071238
ipAddress: 189.19.139.64
logoutlocation:
  world: world
  x: 9167.709383164965
  y: 72.11265918599449
  z: 9551.935070680325
  yaw: -246.46397
  pitch: 20.91841
money: '125.0'
