lastlocation:
  world: world
  x: 9152.169212737777
  y: 72.0
  z: 9556.328128009181
  yaw: -291.614
  pitch: 24.068401
timestamps:
  login: 1375107174274
  logout: 1375107260334
ipAddress: 92.201.76.126
money: '100.0'
logoutlocation:
  world: world
  x: 9198.208156884722
  y: 73.0
  z: 9549.248034433522
  yaw: -270.3141
  pitch: 8.9184065
