lastlocation:
  world: world
  x: 9148.021130516776
  y: 71.15658248110962
  z: 9550.153425352213
  yaw: -270.90015
  pitch: 16.799994
timestamps:
  login: 1372895833707
  logout: 1372896378386
ipAddress: 189.121.81.240
logoutlocation:
  world: world
  x: 9201.720902981453
  y: 72.5
  z: 9548.001213937056
  yaw: -199.36401
  pitch: 12.818406
money: '115.0'
