lastlocation:
  world: world
  x: 9140.22546668262
  y: 67.0
  z: 9548.257625962422
  yaw: 96.44999
  pitch: 15.600007
timestamps:
  login: 1374330587455
  logout: 1374330597057
ipAddress: 88.186.147.194
logoutlocation:
  world: world
  x: 9198.0
  y: 73.0
  z: 9549.0
  yaw: 0.0
  pitch: 0.0
money: '96.0'
