lastlocation:
  world: world
  x: 9190.104019362547
  y: 72.0
  z: 9558.21574197447
  yaw: 171.28305
  pitch: 1.9043188
timestamps:
  login: 1375448935067
  logout: 1375448980218
ipAddress: 92.147.194.182
logoutlocation:
  world: world
  x: 9198.0
  y: 73.0
  z: 9549.0
  yaw: 0.0
  pitch: 0.0
money: '102.0'
