lastlocation:
  world: world
  x: 9198.5
  y: 73.0
  z: 9549.5
  yaw: -270.05054
  pitch: 8.9184065
timestamps:
  login: 1374416892919
  logout: 1374416932402
ipAddress: 98.209.241.46
logoutlocation:
  world: world
  x: 9204.335526732737
  y: 72.0
  z: 9549.97655999168
  yaw: -77.61719
  pitch: 14.100251
money: '100.0'
