lastlocation:
  world: world
  x: 9198.5
  y: 73.0
  z: 9549.5
  yaw: -270.08392
  pitch: 9.724072
timestamps:
  login: 1372888250848
  logout: 1372888447558
ipAddress: 179.192.240.16
logoutlocation:
  world: world
  x: 9183.398874622733
  y: 72.0
  z: 9547.26823829581
  yaw: -207.53354
  pitch: 9.650515
money: '106.0'
