lastlocation:
  world: world
  x: 9193.489580293377
  y: 72.0
  z: 9550.640161509933
  yaw: 84.29994
  pitch: 10.350001
timestamps:
  login: 1373424942857
  logout: 1373424947711
  lastteleport: 1373423710311
ipAddress: 187.35.196.53
logoutlocation:
  world: world
  x: 9198.5
  y: 73.0
  z: 9549.5
  yaw: -270.3141
  pitch: 8.9184065
money: '102.0'
