lastlocation:
  world: world
  x: 9198.0
  y: 73.0
  z: 9549.0
  yaw: 0.0
  pitch: 0.0
timestamps:
  login: 1374254648652
  logout: 1374254982092
ipAddress: 177.17.105.206
logoutlocation:
  world: world
  x: 9190.300000011921
  y: 72.0
  z: 9546.009321943742
  yaw: -282.76437
  pitch: 13.49998
money: '109.0'
