lastlocation:
  world: world
  x: 9198.5
  y: 73.0
  z: 9549.5
  yaw: -274.36407
  pitch: 7.868407
timestamps:
  login: 1373370864807
  logout: 1373371134869
ipAddress: 79.89.82.139
ban:
  reason: 'Banni : tg'
  timeout: 0
logoutlocation:
  world: world
  x: 9180.21321816423
  y: 72.0
  z: 9550.234150602751
  yaw: 215.54999
  pitch: -2.3999965
money: '108.0'
