lastlocation:
  world: world
  x: 9147.66222781219
  y: 70.0
  z: 9545.780621886777
  yaw: -283.96408
  pitch: 19.418402
timestamps:
  login: 1374079204519
  logout: 1374079551514
ipAddress: 90.48.207.139
logoutlocation:
  world: world
  x: 9141.023666649582
  y: 67.0
  z: 9545.70654326916
  yaw: -202.81407
  pitch: 12.218404
money: '109.0'
