lastlocation:
  world: world
  x: 9198.5
  y: 73.0
  z: 9549.5
  yaw: -270.3141
  pitch: 8.9184065
timestamps:
  login: 1373907979598
  logout: 1373908217365
ipAddress: 186.219.55.34
logoutlocation:
  world: world
  x: 9180.37535323905
  y: 72.0
  z: 9549.405198659513
  yaw: 227.54999
  pitch: -3.2999978
money: '108.0'
