lastlocation:
  world: world
  x: 9212.982080688647
  y: 62.29537598913944
  z: 9524.300000011921
  yaw: -171.98111
  pitch: 31.074682
timestamps:
  login: 1372974018840
  logout: 1372974187418
ipAddress: 37.104.220.76
logoutlocation:
  world: world
  x: 9185.974458889059
  y: 61.0
  z: 9572.212372914832
  yaw: 295.8378
  pitch: 23.998264
money: '104.0'
