lastlocation:
  world: world
  x: 9198.0
  y: 73.0
  z: 9549.0
  yaw: 0.0
  pitch: 0.0
timestamps:
  login: 1374157396709
  logout: 1374157410323
ipAddress: 187.121.109.13
logoutlocation:
  world: world
  x: 9198.5
  y: 73.0
  z: 9549.5
  yaw: -269.87192
  pitch: 9.0565815
money: '100.0'
