lastlocation:
  world: world
  x: 9151.995916998838
  y: 67.0
  z: 9539.699999988079
  yaw: -59.32133
  pitch: 4.294017
timestamps:
  login: 1372902160038
  logout: 1372902495718
ipAddress: 181.161.178.30
logoutlocation:
  world: world
  x: 9235.24355152537
  y: 65.5
  z: 9550.462850016575
  yaw: -2.7713294
  pitch: 2.7940094
money: '110.0'
