lastlocation:
  world: world
  x: 9152.222160640136
  y: 74.0
  z: 9598.387275629302
  yaw: 0.0
  pitch: 0.0
