lastlocation:
  world: world
  x: 9198.5
  y: 73.0
  z: 9549.5
  yaw: -270.3141
  pitch: 8.9184065
timestamps:
  login: 1372956870338
  logout: 1372957386935
ipAddress: 177.101.191.87
logoutlocation:
  world: world
  x: 9197.89521335871
  y: 72.5
  z: 9546.330112541893
  yaw: -199.94952
  pitch: 20.700003
money: '116.0'
