lastlocation:
  world: world
  x: 9080.68433382627
  y: 65.10408037809304
  z: 9557.849089541329
  yaw: -25.649933
  pitch: 25.79999
timestamps:
  login: 1372898242647
  logout: 1372898363385
ipAddress: 187.39.230.107
logoutlocation:
  world: world
  x: 9198.208156884722
  y: 73.0
  z: 9549.248034433522
  yaw: -270.3141
  pitch: 8.9184065
money: '103.0'
