lastlocation:
  world: world
  x: 9198.5
  y: 73.0
  z: 9549.5
  yaw: -270.16412
  pitch: 11.018407
timestamps:
  login: 1374262529109
  logout: 1374262592093
ipAddress: 200.199.200.21
logoutlocation:
  world: world
  x: 9134.124980797418
  y: 67.0
  z: 9551.613933317796
  yaw: -28.499565
  pitch: 29.849987
money: '112.0'
