lastlocation:
  world: world
  x: 9132.968041021812
  y: 67.10408037809304
  z: 9554.01453150669
  yaw: -179.55023
  pitch: 8.249989
timestamps:
  login: 1372785666972
  logout: 1372787405634
ipAddress: 177.64.16.119
logoutlocation:
  world: world
  x: 9197.310155119214
  y: 72.5
  z: 9546.406262891758
  yaw: 341.89453
  pitch: 1.3499917
money: '159.0'
