lastlocation:
  world: world
  x: 9147.95594481619
  y: 70.0
  z: 9550.534801596168
  yaw: 94.94995
  pitch: 33.600002
timestamps:
  login: 1373592371231
  logout: 1373592816701
ipAddress: 177.143.131.5
logoutlocation:
  world: world
  x: 9319.937908378772
  y: 60.92886832922352
  z: 9417.56223200955
  yaw: 280.94977
  pitch: 22.200111
money: '109.0'
