lastlocation:
  world: world
  x: 9198.5
  y: 73.0
  z: 9549.5
  yaw: -270.3141
  pitch: 8.9184065
timestamps:
  login: 1373118791987
  logout: 1373118948076
ipAddress: 189.22.74.147
logoutlocation:
  world: world
  x: 9152.192401974959
  y: 71.0
  z: 9548.283456837564
  yaw: -267.0001
  pitch: 17.850004
money: '104.0'
