lastlocation:
  world: world
  x: 9198.5
  y: 73.0
  z: 9549.5
  yaw: -270.3141
  pitch: 8.9184065
timestamps:
  login: 1373412902163
  logout: 1373412949239
ipAddress: 189.55.84.126
logoutlocation:
  world: world
  x: 9198.0
  y: 73.0
  z: 9549.0
  yaw: 302.85004
  pitch: 4.050002
money: '100.0'
