lastlocation:
  world: world
  x: 9198.5
  y: 73.0
  z: 9549.5
  yaw: -270.3141
  pitch: 8.9184065
timestamps:
  login: 1373022846899
  logout: 1373022956915
ipAddress: 82.237.216.127
logoutlocation:
  world: world
  x: 9168.059529593926
  y: 72.0
  z: 9548.490283655789
  yaw: -275.00067
  pitch: 30.040987
money: '102.0'
