lastlocation:
  world: world
  x: 9138.947530508583
  y: 72.00111911465767
  z: 9552.396043596937
  yaw: 99.68326
  pitch: 12.230833
timestamps:
  login: 1374676269065
  lastteleport: 1374676347371
  logout: 1374676727271
ipAddress: 78.233.29.14
logoutlocation:
  world: world
  x: 9198.208156884722
  y: 73.0
  z: 9549.248034433522
  yaw: -270.3141
  pitch: 8.9184065
money: '113.0'
