lastlocation:
  world: world
  x: 9148.1380669685
  y: 70.0
  z: 9553.146090507844
  yaw: -233.65662
  pitch: -37.514435
timestamps:
  login: 1374003289012
  logout: 1374003371974
ipAddress: 77.205.216.94
logoutlocation:
  world: world
  x: 9126.045289377096
  y: 67.0
  z: 9552.48761973232
  yaw: -35.19507
  pitch: -24.578424
money: '102.0'
