lastlocation:
  world: world
  x: 0.058698324955025555
  y: 63.0
  z: 0.5187871524750924
  yaw: -89.70232
  pitch: 0.91199374
timestamps:
  login: 1372246857246
  lastteleport: 1372247139549
  kits:
    tools: 1372247012105
    firework: 1372247051310
    color: 1372247026707
  logout: 1372247220500
ipAddress: 90.148.72.39
logoutlocation:
  world: world
  x: 0.058698324955025555
  y: 63.0
  z: 0.5187871524750924
  yaw: -89.70232
  pitch: 0.91199374
money: '111.0'
mail:
- 'eyesofcreeper: Pour me repondre : /mail send eyesofcreeper MESSAGE'
- 'eyesofcreeper: Coucou ! Petit sondage, tu aimes le nouveaau spawn ? Es que tout
  ce passe bien ? eyes'
