lastlocation:
  world: world
  x: 9198.5
  y: 73.0
  z: 9549.5
  yaw: -270.3141
  pitch: 8.9184065
timestamps:
  login: 1374188580702
  logout: 1374188684497
ipAddress: 187.6.223.70
logoutlocation:
  world: world
  x: 9180.473450836806
  y: 72.0
  z: 9547.948862395317
  yaw: 153.74998
  pitch: 17.699999
money: '102.0'
