lastlocation:
  world: world
  x: 9151.790940080291
  y: 67.0
  z: 9539.639792065136
  yaw: 264.86716
  pitch: 24.386621
timestamps:
  login: 1373205558803
  logout: 1373205851062
ipAddress: 177.18.253.41
logoutlocation:
  world: world
  x: 9138.699999988079
  y: 67.0
  z: 9520.699999988079
  yaw: 148.66794
  pitch: 1.7839699
money: '108.0'
