lastlocation:
  world: world
  x: 9152.868272115162
  y: 67.0
  z: 9571.300000011921
  yaw: -267.44992
  pitch: 39.899998
timestamps:
  login: 1376940301250
  logout: 1376940312873
ipAddress: 46.230.55.219
logoutlocation:
  world: world
  x: 9202.303218540472
  y: 72.0
  z: 9548.909313812552
  yaw: -82.96402
  pitch: 38.61841
money: '103.0'
