lastlocation:
  world: world
  x: 9143.523470132415
  y: 67.34877543176376
  z: 9558.053018624607
  yaw: -1.0637966
  pitch: 56.850014
timestamps:
  login: 1376428609102
  logout: 1376428641315
ipAddress: 177.133.204.136
logoutlocation:
  world: world
  x: 9123.326076463429
  y: 67.0
  z: 9550.06499695049
  yaw: 288.1364
  pitch: 14.699969
money: '112.0'
