lastlocation:
  world: world
  x: 9144.132183472897
  y: 72.02159572597552
  z: 9549.232254237128
  yaw: 88.18505
  pitch: 16.638704
timestamps:
  login: 1372905335046
  logout: 1372905421276
ipAddress: 187.122.223.144
logoutlocation:
  world: world
  x: 9096.837268371908
  y: 65.5
  z: 9557.847023713915
  yaw: 19.300816
  pitch: 17.969805
money: '102.0'
