lastlocation:
  world: world
  x: 9132.195139331769
  y: 67.0
  z: 9553.838279093903
  yaw: -213.614
  pitch: 8.249995
timestamps:
  login: 1376644111074
  logout: 1376644684396
ipAddress: 82.238.30.149
logoutlocation:
  world: world
  x: 9140.187397193024
  y: 66.0
  z: 9555.641053903351
  yaw: 68.685974
  pitch: 18.299994
money: '20.0'
