lastlocation:
  world: world
  x: 9148.044284872527
  y: 70.0
  z: 9548.669390335532
  yaw: -269.86426
  pitch: 22.1184
timestamps:
  login: 1376738034929
  logout: 1376738231315
ipAddress: 86.214.52.214
logoutlocation:
  world: world
  x: 9122.544262931107
  y: 67.0
  z: 9526.416060635183
  yaw: -28.51404
  pitch: -10.131618
money: '106.0'
