lastlocation:
  world: world
  x: 9198.0
  y: 73.0
  z: 9549.0
  yaw: 5.55
  pitch: -0.3
timestamps:
  login: 1374092582519
  logout: 1374092707773
ipAddress: 82.243.93.193
logoutlocation:
  world: world
  x: 9198.208156884722
  y: 73.0
  z: 9549.248034433522
  yaw: -270.3141
  pitch: 8.9184065
money: '103.0'
