lastlocation:
  world: world
  x: 9129.113654563042
  y: 69.0
  z: 9573.69693427434
  yaw: -286.5269
  pitch: 33.286743
timestamps:
  login: 1373640804706
  logout: 1373640973843
ipAddress: 189.34.99.151
logoutlocation:
  world: world
  x: 9090.847555486296
  y: 65.0
  z: 9576.160031862646
  yaw: -179.48769
  pitch: 16.752083
money: '104.0'
