lastlocation:
  world: world
  x: 9198.5
  y: 73.0
  z: 9549.5
  yaw: -270.3141
  pitch: 8.9184065
timestamps:
  login: 1374782703634
  logout: 1374782796125
ipAddress: 177.5.204.236
logoutlocation:
  world: world
  x: 9178.67568854468
  y: 72.0
  z: 9550.244840617004
  yaw: 94.49996
  pitch: 28.200003
money: '102.0'
