lastlocation:
  world: world
  x: 9198.5
  y: 73.0
  z: 9549.5
  yaw: -270.3141
  pitch: 8.9184065
timestamps:
  login: 1374589876254
  logout: 1374590035088
ipAddress: 62.235.207.73
logoutlocation:
  world: world
  x: 9201.957257767965
  y: 72.0
  z: 9556.15719239319
  yaw: -77.20905
  pitch: -9.358674
money: '104.0'
