lastlocation:
  world: world
  x: 9198.0
  y: 73.0
  z: 9549.0
  yaw: 0.0
  pitch: 0.0
timestamps:
  login: 1372946703003
  logout: 1372946731635
ipAddress: 5.82.137.74
logoutlocation:
  world: world
  x: 9198.5
  y: 73.0
  z: 9549.5
  yaw: -270.01413
  pitch: 15.368407
money: '100.0'
