lastlocation:
  world: world
  x: 9131.309229798057
  y: 67.0
  z: 9554.446308239787
  yaw: 0.0
  pitch: 0.0
