lastlocation:
  world: world
  x: 9148.15464808032
  y: 70.0
  z: 9548.390260719063
  yaw: -282.91382
  pitch: 23.24998
timestamps:
  login: 1373826784283
  logout: 1373826936845
ipAddress: 83.203.85.165
logoutlocation:
  world: world
  x: 9138.699999988079
  y: 67.0
  z: 9520.300000011921
  yaw: 50.98608
  pitch: -6.149981
money: '115.0'
