lastlocation:
  world: world
  x: 9198.5
  y: 73.0
  z: 9549.5
  yaw: -270.3141
  pitch: 8.9184065
timestamps:
  login: 1373998496567
  logout: 1373998529474
ipAddress: 81.220.207.87
logoutlocation:
  world: world
  x: 9200.719292593189
  y: 73.0
  z: 9548.71576860543
  yaw: 243.74986
  pitch: 9.449994
money: '100.0'
