lastlocation:
  world: world
  x: 9141.4304378927
  y: 71.50577476739295
  z: 9551.270151811528
  yaw: -271.364
  pitch: 32.018406
timestamps:
  login: 1375922053475
  logout: 1375922358917
ipAddress: 201.25.54.7
logoutlocation:
  world: world
  x: 9046.972957255643
  y: 63.0
  z: 9515.49930686832
  yaw: 127.786026
  pitch: 20.918394
money: '121.0'
