lastlocation:
  world: world
  x: 9156.936141622466
  y: 72.0
  z: 9532.308013865204
  yaw: 1.1286492
  pitch: 1.9887562
timestamps:
  login: 1376067477328
  logout: 1376067516195
ipAddress: 31.35.119.124
money: '104.0'
logoutlocation:
  world: world
  x: 9129.17010195286
  y: 67.0
  z: 9547.970245761344
  yaw: 306.37384
  pitch: 20.053478
