lastlocation:
  world: world
  x: 0.0
  y: 63.0
  z: 0.0
  yaw: 0.0
  pitch: 0.0
timestamps:
  login: 1370963167393
  kits:
    tools: 1370954644845
    color: 1370954661997
    firework: 1370954636902
  lastteleport: 1370955127170
  logout: 1370963225815
ipAddress: 188.55.196.32
logoutlocation:
  world: world
  x: 0.32264549749620075
  y: 63.0
  z: -4.701224024388855
  yaw: 176.73366
  pitch: 2.593203
money: '117.0'
mail:
- 'eyesofcreeper: Pour me repondre : /mail send eyesofcreeper MESSAGE'
- 'eyesofcreeper: Coucou ! Petit sondage, tu aimes le nouveaau spawn ? Es que tout
  ce passe bien ? eyes'
