lastlocation:
  world: world
  x: 9198.0
  y: 73.0
  z: 9549.0
  yaw: 0.0
  pitch: 0.0
timestamps:
  login: 1374239167090
  logout: 1374239201112
ipAddress: 92.143.110.203
logoutlocation:
  world: world
  x: 9198.5
  y: 73.0
  z: 9549.5
  yaw: -270.21127
  pitch: 9.124028
money: '100.0'
