lastlocation:
  world: world
  x: 9148.245347385046
  y: 70.0
  z: 9548.353341342388
  yaw: 94.771034
  pitch: 26.632717
timestamps:
  login: 1373035336068
  logout: 1373035884327
ipAddress: 92.152.217.46
money: '88.0'
logoutlocation:
  world: world
  x: 9170.795849048778
  y: 72.54481386075182
  z: 9549.448574072303
  yaw: 269.7859
  pitch: 12.105789
