lastlocation:
  world: world
  x: 9213.623617324027
  y: 72.0
  z: 9567.787523766143
  yaw: -189.86603
  pitch: 12.604805
timestamps:
  login: 1373546183659
  kits:
    start: 1373546342605
    color: 1373546314056
    firework: 1373546248556
    notch: 1373546290055
  lastteleport: 1373546530951
  logout: 1373546551851
ipAddress: 89.154.120.23
logoutlocation:
  world: world_nether
  x: 68.5
  y: 98.0
  z: -53.5
  yaw: -326.36356
  pitch: 83.2608
money: '112.0'
