lastlocation:
  world: world
  x: 0.058698324955025555
  y: 63.0
  z: 0.5187871524750924
  yaw: -89.70232
  pitch: 0.91199374
timestamps:
  login: 1371656878106
  lastteleport: 1371111635825
  logout: 1371656922522
  kits:
    tools: 1371032807467
    firework: 1371032874274
    color: 1371032851813
ipAddress: 95.66.69.121
logoutlocation:
  world: world
  x: 0.0
  y: 63.0
  z: 0.0
  yaw: 0.0
  pitch: 0.0
money: '97.0'
mail:
- 'eyesofcreeper: Pour me repondre : /mail send eyesofcreeper MESSAGE'
- 'eyesofcreeper: Coucou ! Petit sondage, tu aimes le nouveaau spawn ? Es que tout
  ce passe bien ? eyes'
