lastlocation:
  world: world
  x: 9152.02061203551
  y: 72.0
  z: 9542.131802510412
  yaw: -286.33328
  pitch: 21.865534
timestamps:
  login: 1373396050514
  logout: 1373396993612
ipAddress: 189.62.44.170
logoutlocation:
  world: world
  x: 9184.400179636337
  y: 72.0
  z: 9543.016079088731
  yaw: -267.2419
  pitch: 13.307262
money: '128.0'
