lastlocation:
  world: world
  x: 9151.99794161229
  y: 67.0
  z: 9537.300000011921
  yaw: 269.5999
  pitch: 29.739176
timestamps:
  login: 1373594634149
  logout: 1373594976701
ipAddress: 187.23.148.123
logoutlocation:
  world: world
  x: 9084.47722350589
  y: 58.98540494145687
  z: 9432.316089477814
  yaw: -2.9706945
  pitch: 7.828573
money: '112.0'
