lastlocation:
  world: world
  x: 9198.0
  y: 73.0
  z: 9549.0
  yaw: 0.0
  pitch: 0.0
timestamps:
  login: 1372732099140
  logout: 1372732105029
ipAddress: 188.54.17.53
logoutlocation:
  world: world
  x: 9121.353231668309
  y: 67.0
  z: 9569.6372347478
  yaw: -24.899853
  pitch: 52.500027
money: '106.0'
