lastlocation:
  world: world
  x: 9144.003153957485
  y: 67.0
  z: 9559.851454530757
  yaw: -251.56406
  pitch: 31.650005
timestamps:
  login: 1373152059974
  logout: 1373153150622
ipAddress: 82.155.24.99
logoutlocation:
  world: world
  x: 9116.433205165995
  y: 74.5
  z: 9553.766829603055
  yaw: -271.21402
  pitch: 33.00002
money: '118.0'
