lastlocation:
  world: world
  x: 9148.272740432294
  y: 70.0
  z: 9546.685494082181
  yaw: 79.58739
  pitch: 14.771916
timestamps:
  login: 1373193493458
  logout: 1373193637627
ipAddress: 37.107.82.59
logoutlocation:
  world: world
  x: 9113.32770971411
  y: 66.0
  z: 9546.84691845505
  yaw: -0.40901756
  pitch: 24.581587
money: '104.0'
