lastlocation:
  world: world
  x: 9198.0
  y: 73.0
  z: 9549.0
  yaw: 0.0
  pitch: 0.0
timestamps:
  login: 1372826001195
  logout: 1372826023778
ipAddress: 78.236.194.206
logoutlocation:
  world: world
  x: 9198.5
  y: 73.0
  z: 9549.5
  yaw: -269.11407
  pitch: 9.818406
money: '100.0'
