lastlocation:
  world: world
  x: 9170.24556678689
  y: 72.0
  z: 9548.741938198806
  yaw: 70.822975
  pitch: 15.931228
timestamps:
  login: 1373686475676
  lastteleport: 1373686576189
  logout: 1373686798039
ipAddress: 94.96.109.193
logoutlocation:
  world: world
  x: 9678.008858010171
  y: 64.0
  z: 9310.698308364017
  yaw: -174.44171
  pitch: 14.325507
money: '110.0'
