lastlocation:
  world: world
  x: 9148.134459049035
  y: 70.0
  z: 9552.508664048542
  yaw: -279.90005
  pitch: 44.400032
timestamps:
  login: 1374085279250
  logout: 1374085469009
ipAddress: 187.66.84.234
logoutlocation:
  world: world
  x: 9140.553455755964
  y: 67.5
  z: 9554.230140619053
  yaw: -148.35007
  pitch: 19.950043
money: '106.0'
