lastlocation:
  world: world
  x: 9152.18042824523
  y: 67.0
  z: 9563.322963436061
  yaw: -82.150085
  pitch: 16.810629
timestamps:
  login: 1374615922785
  logout: 1374616534897
ipAddress: 187.23.248.236
logoutlocation:
  world: world
  x: 9198.208156884722
  y: 73.0
  z: 9549.248034433522
  yaw: -270.50247
  pitch: 8.541627
money: '106.0'
