lastlocation:
  world: world
  x: 9148.15161964363
  y: 71.23765918599449
  z: 9553.699999988079
  yaw: -282.88147
  pitch: 9.427896
timestamps:
  login: 1375209587766
  logout: 1375209799292
ipAddress: 2.1.204.71
logoutlocation:
  world: world
  x: 9049.225452211878
  y: 66.0
  z: 9612.500934046198
  yaw: -276.76743
  pitch: 27.429722
money: '5.0'
