lastlocation:
  world: world
  x: 9152.614343350355
  y: 67.0
  z: 9559.699999988079
  yaw: -85.649635
  pitch: 5.250003
timestamps:
  login: 1373221938908
  logout: 1373222154725
ipAddress: 187.14.113.187
logoutlocation:
  world: world
  x: 9151.775529501023
  y: 67.20000004768372
  z: 9559.699999988079
  yaw: -85.649635
  pitch: 5.250003
money: '107.0'
