lastlocation:
  world: world
  x: 9143.699999988079
  y: 68.26656973712029
  z: 9557.921675662797
  yaw: -114.00434
  pitch: 50.85453
timestamps:
  login: 1372871258980
  lastteleport: 1372870781808
  logout: 1372871262758
ipAddress: 90.28.244.139
logoutlocation:
  world: world
  x: 9197.417869421854
  y: 73.0
  z: 9551.29126111224
  yaw: -143.3075
  pitch: 21.1398
money: '153.0'
