lastlocation:
  world: world
  x: 9148.182553606368
  y: 70.65658248110962
  z: 9549.931124972549
  yaw: -270.9001
  pitch: 6.4499993
timestamps:
  login: 1373821342856
  logout: 1373821548893
ipAddress: 186.219.41.251
logoutlocation:
  world: world
  x: 9149.231444149971
  y: 67.0
  z: 9536.099360493808
  yaw: 256.79996
  pitch: 1.2000068
money: '106.0'
