lastlocation:
  world: world
  x: 9136.822889622616
  y: 67.0
  z: 9547.960425277883
  yaw: -296.13458
  pitch: 9.239693
timestamps:
  login: 1377001918601
  logout: 1377002153661
ipAddress: 88.180.152.147
logoutlocation:
  world: world
  x: 9123.794293867444
  y: 67.0
  z: 9554.579079422421
  yaw: -44.655853
  pitch: 23.90906
