lastlocation:
  world: world
  x: 9148.054270648223
  y: 70.0
  z: 9547.949763138748
  yaw: -288.1498
  pitch: 14.099991
timestamps:
  login: 1373032489040
  logout: 1373032535813
ipAddress: 85.243.77.106
logoutlocation:
  world: world
  x: 9192.67977153312
  y: 72.0
  z: 9550.629405691176
  yaw: -268.51392
  pitch: 8.468407
money: '107.0'
