lastlocation:
  world: world
  x: 9147.95466835419
  y: 70.0
  z: 9549.64472322524
  yaw: -268.81396
  pitch: 22.868404
timestamps:
  login: 1377295617060
  logout: 1377295751614
  lastteleport: 1377295598002
ipAddress: 187.104.159.201
logoutlocation:
  world: world
  x: 9198.208156884722
  y: 73.0
  z: 9549.248034433522
  yaw: -270.3141
  pitch: 8.9184065
