lastlocation:
  world: world
  x: 9198.0
  y: 73.0
  z: 9549.0
  yaw: 0.0
  pitch: 0.0
timestamps:
  login: 1374581559866
  logout: 1374582083215
ipAddress: 109.212.180.107
logoutlocation:
  world: world
  x: 9199.76717368988
  y: 72.0
  z: 9561.216873062389
  yaw: -140.07861
  pitch: 89.951294
money: '112.0'
