lastlocation:
  world: world
  x: 9152.12655055266
  y: 72.0
  z: 9556.338586496768
  yaw: 77.94849
  pitch: 25.371855
timestamps:
  login: 1374709763660
  logout: 1374710066238
ipAddress: 201.74.250.158
logoutlocation:
  world: world
  x: 9128.443350335463
  y: 67.0
  z: 9548.863513702563
  yaw: 318.8823
  pitch: 6.389185
money: '127.0'
