lastlocation:
  world: world
  x: 9148.146697405198
  y: 70.0
  z: 9550.242329460772
  yaw: -291.3729
  pitch: 10.9563465
timestamps:
  login: 1374180039335
  logout: 1374180429131
ipAddress: 186.212.75.57
logoutlocation:
  world: world
  x: 9132.028635455606
  y: 66.01999999910593
  z: 9565.398991945354
  yaw: -190.49463
  pitch: 18.598639
money: '111.0'
