lastlocation:
  world: world
  x: 9147.423233783276
  y: 70.0
  z: 9550.629594421122
  yaw: -276.30923
  pitch: 22.663958
timestamps:
  login: 1376843747308
  logout: 1376844083963
ipAddress: 189.114.38.254
logoutlocation:
  world: world
  x: 9191.516448774713
  y: 72.0
  z: 9549.400475877654
  yaw: -268.85165
  pitch: -6.2894382
money: '109.0'
