lastlocation:
  world: world
  x: 9148.346234434139
  y: 70.0
  z: 9550.476995521867
  yaw: 47.55001
  pitch: 33.300003
timestamps:
  login: 1373312674259
  logout: 1373312824959
ipAddress: 83.192.146.212
logoutlocation:
  world: world
  x: 9130.1979061916
  y: 62.7
  z: 9483.662238092273
  yaw: 189.90004
  pitch: 18.149996
money: '104.0'
