lastlocation:
  world: world
  x: 9147.707848902937
  y: 75.53823688897775
  z: 9581.338442565164
  yaw: 0.0
  pitch: 0.0
