lastlocation:
  world: world
  x: 9198.0
  y: 73.0
  z: 9549.0
  yaw: 0.0
  pitch: 0.0
timestamps:
  login: 1373006084829
  logout: 1373006098482
ipAddress: 201.25.79.128
logoutlocation:
  world: world
  x: 9198.5
  y: 73.0
  z: 9549.5
  yaw: -273.46405
  pitch: 10.568403
money: '100.0'
