lastlocation:
  world: world
  x: 9198.0
  y: 73.0
  z: 9549.0
  yaw: 0.0
  pitch: 0.0
timestamps:
  login: 1374103656035
  logout: 1374103660272
ipAddress: 77.30.25.14
logoutlocation:
  world: world
  x: 9198.5
  y: 73.0
  z: 9549.5
  yaw: -270.42267
  pitch: 8.9184065
money: '100.0'
