lastlocation:
  world: world
  x: 9198.0
  y: 73.0
  z: 9549.0
  yaw: 0.0
  pitch: 0.0
timestamps:
  login: 1373361150962
  logout: 1373361346978
ipAddress: 189.126.226.21
logoutlocation:
  world: world
  x: 9187.925308351882
  y: 72.0
  z: 9556.095660407731
  yaw: 297.75
  pitch: -0.14999309
money: '108.0'
