lastlocation:
  world: world
  x: 9198.0
  y: 73.0
  z: 9549.0
  yaw: 0.0
  pitch: 0.0
timestamps:
  login: 1374334905815
  lastteleport: 1374082244910
  logout: 1374334971090
ipAddress: 78.247.40.44
logoutlocation:
  world: world
  x: 9204.669531702464
  y: 72.0
  z: 9549.658796368252
  yaw: 270.5372
  pitch: 3.566404
money: '118.0'
