lastlocation:
  world: world
  x: 9198.5
  y: 73.0
  z: 9549.5
  yaw: -270.3141
  pitch: 8.9184065
timestamps:
  login: 1373477778633
  logout: 1373477881008
ipAddress: 37.106.95.203
logoutlocation:
  world: world
  x: 9192.01938538701
  y: 72.0
  z: 9546.155233210808
  yaw: -49.766056
  pitch: 2.7788167
money: '102.0'
