lastlocation:
  world: world
  x: 9198.0
  y: 73.0
  z: 9549.0
  yaw: 0.0
  pitch: 0.0
timestamps:
  login: 1373742933050
  logout: 1373742948502
ipAddress: 189.30.143.202
logoutlocation:
  world: world
  x: 9189.893684580005
  y: 72.0
  z: 9536.335103001784
  yaw: -88.799995
  pitch: 5.8500004
money: '100.0'
