lastlocation:
  world: world
  x: 9143.699999988079
  y: 67.43803833144057
  z: 9558.057020468434
  yaw: 255.60004
  pitch: 48.000023
timestamps:
  login: 1373477410845
  logout: 1373477650798
ipAddress: 177.180.243.242
logoutlocation:
  world: world
  x: 9082.51309377153
  y: 60.879432416528715
  z: 9542.796074207852
  yaw: 145.80003
  pitch: 38.250004
money: '108.0'
