lastlocation:
  world: world
  x: 9132.012358938844
  y: 67.0
  z: 9553.487398625095
  yaw: -9.000185
  pitch: 13.350019
timestamps:
  login: 1375536652868
  logout: 1375536807835
ipAddress: 90.49.28.8
logoutlocation:
  world: world
  x: 9198.412743493574
  y: 72.5
  z: 9546.526186966381
  yaw: -112.21409
  pitch: 11.768406
money: '103.0'
