lastlocation:
  world: world
  x: 9198.0
  y: 73.0
  z: 9549.0
  yaw: -0.44999996
  pitch: 0.9
timestamps:
  login: 1372869332470
  logout: 1372869380258
  lastteleport: 1372783271318
ipAddress: 81.57.150.242
logoutlocation:
  world: world
  x: 391.051651885564
  y: 66.0
  z: -53.30532345732991
  yaw: 312.3098
  pitch: -5.700001
money: '146.0'
