lastlocation:
  world: world
  x: 9198.5
  y: 73.0
  z: 9549.5
  yaw: -270.3141
  pitch: 8.9184065
timestamps:
  login: 1374780591325
  logout: 1374780778624
ipAddress: 187.55.165.237
logoutlocation:
  world: world
  x: 9200.871085679506
  y: 61.0
  z: 9524.32300546579
  yaw: -76.14691
  pitch: 72.7968
money: '116.0'
