lastlocation:
  world: world
  x: 9148.118339127039
  y: 70.0
  z: 9548.539145306793
  yaw: -267.14636
  pitch: 25.098885
timestamps:
  login: 1373277341058
  logout: 1373278010669
ipAddress: 77.200.64.114
logoutlocation:
  world: world
  x: 9136.220442306574
  y: 67.0
  z: 9552.249291714179
  yaw: -97.203674
  pitch: -1.8824015
money: '122.0'
