lastlocation:
  world: world
  x: 9198.5
  y: 73.0
  z: 9549.5
  yaw: -270.46408
  pitch: 9.068406
timestamps:
  login: 1373489236293
  logout: 1373489239894
ipAddress: 85.243.229.198
logoutlocation:
  world: world
  x: 9198.0
  y: 73.0
  z: 9549.0
  yaw: 0.0
  pitch: 0.0
money: '100.0'
