lastlocation:
  world: world
  x: 9148.148924504645
  y: 70.0
  z: 9551.73905287176
  yaw: -273.00003
  pitch: -3.9000006
timestamps:
  login: 1373544454594
  logout: 1373544586852
ipAddress: 177.132.133.28
logoutlocation:
  world: world
  x: 9198.208156884722
  y: 73.0
  z: 9549.248034433522
  yaw: -270.3141
  pitch: 8.9184065
money: '103.0'
