lastlocation:
  world: world
  x: 9141.632198094314
  y: 72.2257617318437
  z: 9554.10787857444
  yaw: 206.55074
  pitch: 7.9500833
timestamps:
  login: 1373575341860
  logout: 1373575661289
ipAddress: 177.97.8.226
logoutlocation:
  world: world
  x: 9106.699999988079
  y: 66.77159999847412
  z: 9528.410504122492
  yaw: 187.6508
  pitch: 16.500076
money: '18.0'
