lastlocation:
  world: world
  x: 9203.28628362782
  y: 72.0
  z: 9550.036178553011
  yaw: -89.96271
  pitch: -19.44041
timestamps:
  login: 1377273897509
  lastteleport: 1377273972872
  logout: 1377274089354
ipAddress: 179.223.80.130
logoutlocation:
  world: world
  x: 9207.816138172702
  y: 72.0
  z: 9543.314152236038
  yaw: 92.576355
  pitch: 19.937033
