lastlocation:
  world: world
  x: 9200.036656703616
  y: 61.0
  z: 9577.930889992384
  yaw: -183.1499
  pitch: 87.600044
timestamps:
  login: 1375270150262
  logout: 1375270486892
ipAddress: 177.206.168.238
logoutlocation:
  world: world_the_end
  x: -9.735551997125048
  y: 65.10408037809304
  z: 16.158345882785934
  yaw: 151.35017
  pitch: 54.749985
money: '116.0'
