lastlocation:
  world: world
  x: 9198.5
  y: 73.0
  z: 9549.5
  yaw: -270.3141
  pitch: 8.9184065
timestamps:
  login: 1374666121473
  logout: 1374666234250
ipAddress: 90.26.148.127
logoutlocation:
  world: world
  x: 9177.46279732665
  y: 72.0
  z: 9544.84187077334
  yaw: 253.05476
  pitch: 17.73299
money: '102.0'
