lastlocation:
  world: world
  x: 9198.5
  y: 73.0
  z: 9549.5
  yaw: -270.3141
  pitch: 8.9184065
timestamps:
  login: 1374602890794
  logout: 1374602988045
ipAddress: 92.161.103.89
logoutlocation:
  world: world
  x: 9138.363462227524
  y: 67.0
  z: 9517.31380681695
  yaw: 191.40016
  pitch: 8.849991
money: '104.0'
