lastlocation:
  world: world
  x: 9152.009110557608
  y: 72.0
  z: 9556.007528278302
  yaw: -278.45837
  pitch: 24.074345
timestamps:
  login: 1373756937924
  logout: 1373757251295
ipAddress: 177.102.205.229
logoutlocation:
  world: world
  x: 9122.167441225687
  y: 67.0
  z: 9578.233817623994
  yaw: -176.34633
  pitch: 38.446743
money: '106.0'
