lastlocation:
  world: world
  x: 9148.161012550694
  y: 70.0
  z: 9549.456260585443
  yaw: -273.61395
  pitch: 17.618404
timestamps:
  login: 1374803037554
  logout: 1374803190463
ipAddress: 201.46.166.215
logoutlocation:
  world: world
  x: 9184.827889137046
  y: 56.53030748466043
  z: 9480.31845742718
  yaw: -14.41399
  pitch: -24.08159
money: '103.0'
