lastlocation:
  world: world
  x: 9198.5
  y: 73.0
  z: 9549.5
  yaw: -270.3141
  pitch: 8.9184065
timestamps:
  login: 1373305970178
  logout: 1373306035295
ipAddress: 201.14.164.114
logoutlocation:
  world: world
  x: 9192.401675062498
  y: 72.0
  z: 9554.566554515073
  yaw: 293.40012
  pitch: 42.600025
money: '110.0'
