lastlocation:
  world: world
  x: 9142.836513915507
  y: 67.0
  z: 9559.684331227225
  yaw: 265.7998
  pitch: 16.650007
timestamps:
  login: 1373858502066
  logout: 1373858947141
ipAddress: 37.105.37.205
logoutlocation:
  world: world
  x: 9109.300000011921
  y: 65.0
  z: 9568.592413587516
  yaw: 100.04984
  pitch: 44.7
money: '114.0'
