lastlocation:
  world: world
  x: 9198.0
  y: 73.0
  z: 9549.0
  yaw: 0.0
  pitch: 0.0
timestamps:
  login: 1374177705410
  kits:
    tools: 1372428636461
    firework: 1373359559509
    color: 1372428626751
    start: 1373294551963
    notch: 1373359434259
  lastteleport: 1373470552393
  logout: 1374177726232
ipAddress: 109.214.93.97
logoutlocation:
  world: world
  x: 9129.406779735622
  y: 65.00380677513074
  z: 9564.80391231755
  yaw: -135.20328
  pitch: 27.91115
homes:
  home:
    world: world
    x: 11646.476274082012
    y: 18.0
    z: 8637.577166591243
    yaw: 0.4102199
    pitch: 16.800005
money: '1198.0'
