lastlocation:
  world: world
  x: 9198.5
  y: 73.0
  z: 9549.5
  yaw: -270.3141
  pitch: 8.9184065
timestamps:
  login: 1373016102521
  logout: 1373016174483
ipAddress: 88.163.172.58
logoutlocation:
  world: world
  x: 9191.99620538087
  y: 72.0
  z: 9550.424342181059
  yaw: 67.34998
  pitch: 36.750008
money: '102.0'
