lastlocation:
  world: world
  x: 9148.120432341062
  y: 70.0
  z: 9547.598012432163
  yaw: 119.10022
  pitch: 7.050003
timestamps:
  login: 1373057954452
  logout: 1373058026358
ipAddress: 79.152.240.213
logoutlocation:
  world: world
  x: 9109.300000011921
  y: 65.0
  z: 9567.300000011921
  yaw: -342.14972
  pitch: 32.399998
money: '114.0'
