lastlocation:
  world: world
  x: 9125.73261627208
  y: 67.90125701949412
  z: 9554.844346117716
  yaw: -299.69995
  pitch: 13.199989
timestamps:
  login: 1372896079245
  logout: 1372896628384
ipAddress: 177.140.222.175
logoutlocation:
  world: world
  x: 9081.665808405955
  y: 62.30495606138359
  z: 9680.533663175504
  yaw: -28.514008
  pitch: 4.8684406
money: '117.0'
