lastlocation:
  world: world
  x: 9198.5
  y: 73.0
  z: 9549.5
  yaw: -269.47818
  pitch: 8.386465
timestamps:
  login: 1373663650199
  logout: 1373663708302
ipAddress: 177.176.1.176
logoutlocation:
  world: world
  x: 9198.0
  y: 73.0
  z: 9549.0
  yaw: 0.0
  pitch: 0.0
money: '102.0'
