lastlocation:
  world: world
  x: 9148.092254161438
  y: 70.0
  z: 9549.841819387088
  yaw: 91.49996
  pitch: 13.649993
timestamps:
  login: 1373833294390
  logout: 1373833890844
ipAddress: 189.100.11.146
logoutlocation:
  world: world
  x: 9142.686581493328
  y: 67.0
  z: 9553.551234779465
  yaw: 160.95004
  pitch: 10.200004
money: '117.0'
