lastlocation:
  world: world
  x: 9198.0
  y: 73.0
  z: 9549.0
  yaw: 0.0
  pitch: 0.0
timestamps:
  login: 1376391392272
  logout: 1376391509986
ipAddress: 1.123.171.55
logoutlocation:
  world: world
  x: 9201.549751136354
  y: 72.0
  z: 9552.878440050903
  yaw: -124.96341
  pitch: -4.2816024
money: '104.0'
