lastlocation:
  world: world
  x: 9148.049900486378
  y: 70.0
  z: 9549.246785342635
  yaw: -310.36414
  pitch: 15.518397
timestamps:
  login: 1374507116156
  logout: 1374507133670
  kits:
    tools: 1370805065860
    start: 1374425853505
    firework: 1370805022413
    color: 1370805090960
    notch: 1374425754956
  lastteleport: 1374425745751
ipAddress: 85.242.4.50
logoutlocation:
  world: world
  x: 9198.208156884722
  y: 73.0
  z: 9549.248034433522
  yaw: -270.3141
  pitch: 8.9184065
money: '24.0'
mail:
- 'eyesofcreeper: Pour me repondre : /mail send eyesofcreeper MESSAGE'
- 'eyesofcreeper: Coucou ! Petit sondage, tu aimes le nouveaau spawn ? Es que tout
  ce passe bien ? eyes'
