lastlocation:
  world: world
  x: 9198.0
  y: 73.0
  z: 9549.0
  yaw: 0.0
  pitch: 0.0
timestamps:
  login: 1374004135800
  logout: 1374004194475
ipAddress: 201.82.220.40
money: '54.0'
logoutlocation:
  world: world
  x: 9143.003347348244
  y: 67.91999998688698
  z: 9559.030169858803
  yaw: -11.413964
  pitch: 20.400024
