lastlocation:
  world: world
  x: 9198.5
  y: 73.0
  z: 9549.5
  yaw: -270.0141
  pitch: 12.518407
timestamps:
  login: 1374546793653
  logout: 1374546887071
ipAddress: 187.2.10.136
logoutlocation:
  world: world
  x: 9191.265722718344
  y: 72.0
  z: 9539.18311400852
  yaw: -8.549988
  pitch: 7.8000016
money: '102.0'
