lastlocation:
  world: world
  x: 9148.112326225008
  y: 70.0
  z: 9551.081886021702
  yaw: 82.34979
  pitch: 18.449995
timestamps:
  login: 1374009030668
  logout: 1374009136974
ipAddress: 187.45.59.145
logoutlocation:
  world: world
  x: 9198.208156884722
  y: 73.0
  z: 9549.248034433522
  yaw: -270.3141
  pitch: 8.9184065
money: '103.0'
