lastlocation:
  world: world
  x: 9148.18402501441
  y: 70.0
  z: 9548.142835207047
  yaw: -269.1141
  pitch: 16.118404
timestamps:
  login: 1375876529733
  logout: 1375876598716
ipAddress: 82.227.85.122
logoutlocation:
  world: world
  x: 9179.506333330566
  y: 72.0
  z: 9564.878328904086
  yaw: -186.01404
  pitch: 11.168409
money: '107.0'
