lastlocation:
  world: world
  x: 9148.057758848034
  y: 72.0
  z: 9542.504596659455
  yaw: 88.19993
  pitch: 15.449992
timestamps:
  login: 1373627540894
  logout: 1373627687151
ipAddress: 78.223.148.181
logoutlocation:
  world: world
  x: 9139.699999988079
  y: 65.0
  z: 9556.699999988079
  yaw: 145.94994
  pitch: 9.149991
money: '26.0'
