lastlocation:
  world: world
  x: 9148.11783178206
  y: 70.0
  z: 9549.36759821473
  yaw: -275.95715
  pitch: 18.58066
timestamps:
  login: 1373223067821
  logout: 1373223189726
ipAddress: 200.97.222.106
logoutlocation:
  world: world
  x: 9097.146323998639
  y: 65.0
  z: 9563.129440216671
  yaw: -234.16132
  pitch: -6.9138203
money: '103.0'
