lastlocation:
  world: world
  x: 9198.5
  y: 73.0
  z: 9549.5
  yaw: -270.3141
  pitch: 8.9184065
timestamps:
  login: 1375375801640
  logout: 1375375860148
ipAddress: 177.81.32.114
logoutlocation:
  world: world
  x: 9198.16136011169
  y: 73.0
  z: 9551.298307411964
  yaw: 3.6000009
  pitch: 7.0499997
money: '100.0'
