lastlocation:
  world: world
  x: 9147.870551514667
  y: 70.0
  z: 9550.82531226044
  yaw: -270.89996
  pitch: 21.600006
timestamps:
  login: 1374148754503
  logout: 1374148951889
ipAddress: 5.48.160.108
logoutlocation:
  world: world
  x: 9123.364174700862
  y: 62.7
  z: 9625.64587118798
  yaw: -145.04994
  pitch: 15.0000105
money: '100.0'
