lastlocation:
  world: world
  x: 9143.296456564829
  y: 68.26656973712029
  z: 9558.795579751908
  yaw: 253.05005
  pitch: 28.500006
timestamps:
  login: 1375286008978
  logout: 1375286301811
ipAddress: 97.91.130.245
logoutlocation:
  world: world
  x: 9142.462554922991
  y: 67.0
  z: 9544.578088985414
  yaw: -5.0999446
  pitch: 15.599985
money: '108.0'
