lastlocation:
  world: world
  x: 9148.09716077133
  y: 70.0
  z: 9548.512309233754
  yaw: 78.941345
  pitch: 23.182373
timestamps:
  login: 1373677436113
  logout: 1373677590982
ipAddress: 187.79.160.111
logoutlocation:
  world: world
  x: 9138.867965276206
  y: 67.0
  z: 9549.49896578391
  yaw: 81.55346
  pitch: 22.638187
money: '104.0'
