lastlocation:
  world: world
  x: 9181.17450478273
  y: 61.0
  z: 9572.3330715544
  yaw: 93.90001
  pitch: 73.35
timestamps:
  login: 1373492137382
  kits:
    notch: 1373492576847
  logout: 1373492869893
ipAddress: 187.67.18.222
logoutlocation:
  world: world
  x: 9199.447594398529
  y: 61.0
  z: 9572.825229107693
  yaw: 90.0
  pitch: 0.0
money: '123.0'
