lastlocation:
  world: world
  x: 9198.5
  y: 73.0
  z: 9549.5
  yaw: -270.3141
  pitch: 8.9184065
timestamps:
  login: 1374190764153
  logout: 1374190849497
ipAddress: 177.188.50.81
logoutlocation:
  world: world
  x: 9197.927606129904
  y: 72.0
  z: 9556.036525884438
  yaw: 155.10002
  pitch: 2.6999996
money: '102.0'
