lastlocation:
  world: world
  x: 9198.5
  y: 73.0
  z: 9549.5
  yaw: -270.3141
  pitch: 8.9184065
timestamps:
  login: 1374247118410
  logout: 1374247293553
ipAddress: 78.244.30.86
logoutlocation:
  world: world
  x: 9151.811230303401
  y: 72.0
  z: 9555.41170559773
  yaw: 126.89658
  pitch: 18.888027
money: '104.0'
