lastlocation:
  world: world
  x: 9198.5
  y: 73.0
  z: 9549.5
  yaw: -270.3141
  pitch: 8.9184065
timestamps:
  login: 1375043127686
  logout: 1375043219839
ipAddress: 187.16.226.7
logoutlocation:
  world: world
  x: 9204.496592579248
  y: 72.0
  z: 9536.577239724502
  yaw: -65.87136
  pitch: 20.118692
money: '102.0'
