lastlocation:
  world: world
  x: 9136.43360244062
  y: 67.0
  z: 9549.060067734394
  yaw: -196.98328
  pitch: 36.71423
timestamps:
  login: 1373775265834
  logout: 1373775499119
ipAddress: 37.107.77.58
logoutlocation:
  world: world
  x: 9141.797740769654
  y: 67.19996162345413
  z: 9554.151837712425
  yaw: -63.55892
  pitch: 36.504444
money: '106.0'
