lastlocation:
  world: world
  x: 9135.949424014052
  y: 67.0
  z: 9548.951517558904
  yaw: -93.31433
  pitch: 9.668406
timestamps:
  login: 1373287065048
  logout: 1373287648170
ipAddress: 83.158.141.60
logoutlocation:
  world: world
  x: 9144.699999988079
  y: 67.0
  z: 9554.300000011921
  yaw: -114.76434
  pitch: 89.09999
money: '117.0'
