lastlocation:
  world: world
  x: 9148.084051022364
  y: 70.0
  z: 9550.32687265998
  yaw: 82.93596
  pitch: 20.16841
timestamps:
  login: 1375880312912
  logout: 1375880352424
ipAddress: 82.227.85.122
logoutlocation:
  world: world
  x: 9070.304453498335
  y: 65.0
  z: 9575.902550370734
  yaw: 180.43597
  pitch: 14.918411
money: '106.0'
