lastlocation:
  world: world
  x: 0.5
  y: 63.0
  z: 0.5
  yaw: -89.70232
  pitch: 0.45048857
timestamps:
  login: 1372886252977
  logout: 1372886257557
ipAddress: 5.82.165.96
logoutlocation:
  world: world
  x: 9198.0
  y: 73.0
  z: 9549.0
  yaw: 2.9228663
  pitch: -3.5382066
money: '100.0'
