lastlocation:
  world: world
  x: 9140.173793542344
  y: 68.36256353092854
  z: 9549.427937742848
  yaw: 91.19999
  pitch: 25.500006
timestamps:
  login: 1374873516053
  logout: 1374873868346
ipAddress: 83.192.98.30
logoutlocation:
  world: world
  x: 9069.611431033753
  y: 65.0
  z: 9574.070723703864
  yaw: -15.44996
  pitch: 25.200031
money: '112.0'
