lastlocation:
  world: world
  x: 9198.5
  y: 73.0
  z: 9549.5
  yaw: -270.46408
  pitch: 8.9184065
timestamps:
  login: 1373570361425
  logout: 1373570416290
ipAddress: 78.243.192.179
logoutlocation:
  world: world
  x: 9198.0
  y: 73.0
  z: 9549.0
  yaw: 0.0
  pitch: 0.0
money: '100.0'
