lastlocation:
  world: world
  x: 9198.5
  y: 73.0
  z: 9549.5
  yaw: -270.3141
  pitch: 8.9184065
timestamps:
  login: 1373128293866
  logout: 1373128430289
ipAddress: 188.82.195.245
logoutlocation:
  world: world
  x: 9067.690597408397
  y: 43.0
  z: 9578.50622801639
  yaw: -260.83337
  pitch: -5.806852
money: '105.0'
