lastlocation:
  world: world
  x: 9132.216793140627
  y: 68.0155550727022
  z: 9553.592080679116
  yaw: -325.82288
  pitch: 22.459919
timestamps:
  login: 1374514785862
  logout: 1374515133639
ipAddress: 90.34.172.110
logoutlocation:
  world: world
  x: 9371.564732445699
  y: 62.0
  z: 9190.34771772691
  yaw: 41.561634
  pitch: 1.8460214
money: '113.0'
