lastlocation:
  world: world
  x: 9198.5
  y: 73.0
  z: 9549.5
  yaw: -270.3141
  pitch: 8.9184065
timestamps:
  login: 1374059840005
  logout: 1374060219569
ipAddress: 2.91.77.136
logoutlocation:
  world: world
  x: 9204.885726358594
  y: 72.0
  z: 9559.985859217248
  yaw: -197.8368
  pitch: -2.4576025
money: '112.0'
