lastlocation:
  world: world
  x: 9148.140492640787
  y: 70.0
  z: 9549.582735210752
  yaw: -271.20007
  pitch: 6.900006
timestamps:
  login: 1374697677581
  logout: 1374698033345
ipAddress: 177.0.219.182
money: '109.0'
logoutlocation:
  world: world
  x: 9198.208156884722
  y: 73.0
  z: 9549.248034433522
  yaw: -270.3141
  pitch: 8.618406
