lastlocation:
  world: world
  x: 9081.027369802672
  y: 65.0
  z: 9559.092749422363
  yaw: 95.69967
  pitch: 12.149955
timestamps:
  login: 1373850017295
  logout: 1373851499652
ipAddress: 187.14.121.126
logoutlocation:
  world: world
  x: 9198.208156884722
  y: 73.0
  z: 9549.248034433522
  yaw: -270.1641
  pitch: 8.9184065
money: '151.0'
