lastlocation:
  world: world
  x: 9198.0
  y: 73.0
  z: 9549.0
  yaw: 0.0
  pitch: 0.0
timestamps:
  login: 1373757747823
  logout: 1373757773795
ipAddress: 177.96.7.115
logoutlocation:
  world: world
  x: 9198.5
  y: 73.0
  z: 9549.5
  yaw: -270.61407
  pitch: 9.068406
money: '100.0'
