lastlocation:
  world: world
  x: 9198.5
  y: 73.0
  z: 9549.5
  yaw: -270.3141
  pitch: 8.9184065
timestamps:
  login: 1373833762794
  logout: 1373833823344
ipAddress: 200.207.20.252
logoutlocation:
  world: world
  x: 9198.0
  y: 73.0
  z: 9549.0
  yaw: 75.299995
  pitch: -6.3
money: '102.0'
