lastlocation:
  world: world
  x: 9198.5
  y: 73.0
  z: 9549.5
  yaw: -270.3141
  pitch: 8.9184065
timestamps:
  login: 1375543077200
  logout: 1375543156967
ipAddress: 77.200.164.188
logoutlocation:
  world: world
  x: 9192.037001050006
  y: 72.0
  z: 9539.456559065604
  yaw: -199.80003
  pitch: 12.449999
money: '102.0'
