lastlocation:
  world: world
  x: 9128.043308801783
  y: 69.0
  z: 9574.099138867303
  yaw: -133.80002
  pitch: 22.649973
timestamps:
  login: 1373557969274
  logout: 1373558231852
ipAddress: 188.251.3.18
logoutlocation:
  world: world
  x: 9198.208156884722
  y: 73.0
  z: 9549.248034433522
  yaw: -270.3141
  pitch: 8.9184065
money: '107.0'
