lastlocation:
  world: world
  x: 9148.052207662633
  y: 70.0
  z: 9550.882193030426
  yaw: 56.249886
  pitch: -27.75001
timestamps:
  login: 1374610584733
  logout: 1374610688387
ipAddress: 83.33.180.246
logoutlocation:
  world: world
  x: 9142.699999988079
  y: 67.30166999177993
  z: 9552.920065540453
  yaw: 93.30006
  pitch: 54.599987
money: '102.0'
