lastlocation:
  world: world
  x: 9198.5
  y: 73.0
  z: 9549.5
  yaw: -272.71408
  pitch: 7.5684066
timestamps:
  login: 1373057780765
  logout: 1373058273859
ipAddress: 41.251.41.107
logoutlocation:
  world: world
  x: 9179.373220801352
  y: 72.0
  z: 9554.132298089738
  yaw: 109.950226
  pitch: 9.900002
money: '116.0'
