lastlocation:
  world: world
  x: 9157.447586774946
  y: 72.0
  z: 9561.699485566995
  yaw: -156.61353
  pitch: 25.268412
timestamps:
  login: 1373762950442
  lastteleport: 1373763287370
  logout: 1373763346619
ipAddress: 201.46.165.2
logoutlocation:
  world: world
  x: 9198.0
  y: 73.0
  z: 9549.0
  yaw: 0.0
  pitch: 0.0
money: '112.0'
