lastlocation:
  world: world
  x: 9198.0
  y: 73.0
  z: 9549.0
  yaw: 3.8726423
  pitch: -0.9993915
timestamps:
  login: 1373268068213
  logout: 1373268124156
ipAddress: 90.49.105.181
logoutlocation:
  world: world
  x: 9198.0
  y: 73.0
  z: 9549.0
  yaw: 210.49681
  pitch: 0.6793829
money: '102.0'
