lastlocation:
  world: world
  x: 9198.5
  y: 73.0
  z: 9549.5
  yaw: -270.3141
  pitch: 8.9184065
timestamps:
  login: 1372953308397
  logout: 1372953444413
ipAddress: 85.139.143.156
logoutlocation:
  world: world
  x: 9176.032486552962
  y: 72.0
  z: 9552.549612221192
  yaw: 140.70001
  pitch: 40.499992
money: '104.0'
