lastlocation:
  world: world
  x: 9137.098894682797
  y: 67.0
  z: 9552.519414344613
  yaw: 223.50008
  pitch: 2.5500045
timestamps:
  login: 1373348222156
  lastteleport: 1373348507481
  logout: 1373348616731
ipAddress: 88.124.197.5
logoutlocation:
  world: world
  x: 9197.547231390039
  y: 73.0
  z: 9551.771229727436
  yaw: -154.36395
  pitch: 10.868408
money: '112.0'
