lastlocation:
  world: world
  x: 9198.0
  y: 73.0
  z: 9549.0
  yaw: 0.0
  pitch: 0.0
timestamps:
  login: 1374239697363
  logout: 1374239748611
ipAddress: 187.58.12.158
logoutlocation:
  world: world
  x: 9198.5
  y: 73.0
  z: 9549.5
  yaw: -264.01416
  pitch: 10.118404
money: '100.0'
