lastlocation:
  world: world
  x: 9198.5
  y: 73.0
  z: 9549.5
  yaw: -270.3141
  pitch: 8.9184065
timestamps:
  login: 1373039435310
  logout: 1373039870974
ipAddress: 82.243.214.131
logoutlocation:
  world: world
  x: 9413.781363905571
  y: 60.0
  z: 9959.04953205475
  yaw: 44.248898
  pitch: 29.550022
money: '137.0'
