lastlocation:
  world: world
  x: 9124.77277904139
  y: 104.22705121760067
  z: 9558.749945051924
  yaw: -172.31909
  pitch: 69.88474
timestamps:
  login: 1373730162946
  lastteleport: 1373730306268
  logout: 1373730573718
ipAddress: 109.217.214.190
money: '92.0'
logoutlocation:
  world: world
  x: 9108.60882827663
  y: 69.0
  z: 9551.676220915342
  yaw: -251.70876
  pitch: 35.644962
