lastlocation:
  world: world
  x: 9127.860906708092
  y: 69.0
  z: 9573.497407849016
  yaw: -48.913788
  pitch: 29.999973
timestamps:
  login: 1375692210958
  logout: 1375692568066
ipAddress: 82.228.118.58
logoutlocation:
  world: world
  x: 9152.133712289
  y: 74.0
  z: 9597.931238627849
  yaw: -158.71378
  pitch: 19.949955
money: '110.0'
