lastlocation:
  world: world
  x: 9198.296406348263
  y: 73.0
  z: 9549.514885442797
  yaw: -265.2141
  pitch: 15.218404
timestamps:
  login: 1377332126727
  lastteleport: 1377191473058
  logout: 1377332180501
ipAddress: 92.139.55.189
logoutlocation:
  world: world
  x: 9176.107353321398
  y: 72.0
  z: 9546.699999988079
  yaw: 51.435513
  pitch: 22.868464
