timestamps:
  login: 1377273895388
  logout: 1377273967912
ipAddress: 188.53.79.4
lastlocation:
  world: world
  x: 9198.0
  y: 73.0
  z: 9549.0
  yaw: 0.0
  pitch: 0.0
logoutlocation:
  world: world
  x: 9189.49088676038
  y: 72.0
  z: 9567.13043616133
  yaw: -132.69409
  pitch: 15.806734
