lastlocation:
  world: world
  x: 2.1451657349559925
  y: 21.875
  z: -16.633844324669088
  yaw: 79.048096
  pitch: 54.91203
timestamps:
  login: 1371840350817
  lastteleport: 1371840540545
  logout: 1371840896497
ipAddress: 92.130.99.220
logoutlocation:
  world: world
  x: 801.2255928207227
  y: 72.0
  z: -37.531511620602345
  yaw: -81.452
  pitch: 21.611986
mail:
- 'eyesofcreeper: Pour me repondre : /mail send eyesofcreeper MESSAGE'
- 'eyesofcreeper: Coucou ! Petit sondage, tu aimes le nouveaau spawn ? Es que tout
  ce passe bien ? eyes'
