lastlocation:
  world: world
  x: 9198.0
  y: 73.0
  z: 9549.0
  yaw: 0.0
  pitch: 0.0
timestamps:
  login: 1374240225438
  logout: 1374240256111
ipAddress: 92.143.110.203
logoutlocation:
  world: world
  x: 9198.5
  y: 73.0
  z: 9549.5
  yaw: -269.90283
  pitch: 9.021217
money: '100.0'
