lastlocation:
  world: world
  x: 9145.010407611946
  y: 69.0
  z: 9506.91888916359
  yaw: -315.1588
  pitch: 0.5105801
timestamps:
  login: 1373980703825
  lastteleport: 1373980753427
  logout: 1373980787677
ipAddress: 189.110.12.165
logoutlocation:
  world: world
  x: 9190.300000011921
  y: 72.0
  z: 9545.218287918005
  yaw: -194.04779
  pitch: 12.655233
money: '111.0'
