lastlocation:
  world: world
  x: 9198.0
  y: 73.0
  z: 9549.0
  yaw: 0.0
  pitch: 0.0
timestamps:
  login: 1374354119652
  logout: 1374354140776
ipAddress: 177.9.207.32
logoutlocation:
  world: world
  x: 9198.0
  y: 73.0
  z: 9549.0
  yaw: -2.0685966
  pitch: 6.2725186
money: '100.0'
