lastlocation:
  world: world
  x: 9154.698826604968
  y: 67.0
  z: 9573.456090030519
  yaw: -317.26416
  pitch: 1.2684135
timestamps:
  login: 1373018821763
  logout: 1373018823042
  lastteleport: 1372779998861
ipAddress: 77.194.224.165
logoutlocation:
  world: world
  x: 9198.0
  y: 73.0
  z: 9549.0
  yaw: 0.0
  pitch: 0.0
money: '159.0'
