lastlocation:
  world: world
  x: 9198.0
  y: 73.0
  z: 9549.0
  yaw: 0.0
  pitch: 0.0
timestamps:
  login: 1374346048106
  logout: 1374346108276
ipAddress: 187.74.15.217
logoutlocation:
  world: world
  x: 9181.294088940747
  y: 72.0
  z: 9553.573451677652
  yaw: 91.35
  pitch: 4.500005
money: '104.0'
