lastlocation:
  world: world
  x: 9198.0
  y: 73.0
  z: 9549.0
  yaw: 0.0
  pitch: 0.0
timestamps:
  login: 1375287675838
  logout: 1375287819311
ipAddress: 82.251.150.19
logoutlocation:
  world: world
  x: 9194.798831017762
  y: 72.0
  z: 9553.272430871246
  yaw: -38.70703
  pitch: 6.4608135
money: '104.0'
