timestamps:
  login: 1377107196173
  logout: 1377107272813
ipAddress: 189.26.73.204
lastlocation:
  world: world
  x: 9131.853359178538
  y: 67.0
  z: 9553.426217745706
  yaw: -247.96404
  pitch: 46.86839
logoutlocation:
  world: world
  x: 9126.76166875481
  y: 67.0
  z: 9551.75647040412
  yaw: -192.16405
  pitch: -24.53162
