lastlocation:
  world: world
  x: 9127.904936112449
  y: 69.0
  z: 9573.584878116028
  yaw: -91.96228
  pitch: 67.050026
timestamps:
  login: 1376074529744
  lastteleport: 1376074500306
  logout: 1376077036686
ipAddress: 78.193.106.98
logoutlocation:
  world: world
  x: 9136.1148858701
  y: 121.96636804164123
  z: 9581.435227579983
  yaw: -91.96228
  pitch: 67.050026
money: '197.0'
