lastlocation:
  world: world
  x: 9198.5
  y: 73.0
  z: 9549.5
  yaw: -273.99713
  pitch: 10.299547
timestamps:
  login: 1373063724768
  logout: 1373063726359
ipAddress: 201.35.130.185
logoutlocation:
  world: world
  x: 9198.0
  y: 73.0
  z: 9549.0
  yaw: 0.0
  pitch: 0.0
money: '100.0'
