lastlocation:
  world: world
  x: 9198.0
  y: 73.0
  z: 9549.0
  yaw: 2.156716
  pitch: 2.6359866
timestamps:
  login: 1374746249963
  lastteleport: 1374596296207
  logout: 1374746438083
ipAddress: 86.67.180.63
homes:
  home:
    world: world
    x: 9511.90556398187
    y: 63.0
    z: 9496.474280335406
    yaw: -31.571198
    pitch: 31.1654
logoutlocation:
  world: world
  x: 10057.819516963023
  y: 63.0
  z: 9631.127743008892
  yaw: -139.37708
  pitch: 2.0198684
money: '547.0'
