lastlocation:
  world: world
  x: 9118.524223696018
  y: 59.014276328434995
  z: 9471.300000011921
  yaw: -38.24939
  pitch: 31.950045
timestamps:
  login: 1373389951379
  logout: 1373389984486
ipAddress: 201.95.23.202
logoutlocation:
  world: world
  x: 9198.0
  y: 73.0
  z: 9549.0
  yaw: 0.0
  pitch: 0.0
money: '116.0'
