lastlocation:
  world: world
  x: 9176.450123269798
  y: 72.0
  z: 9543.860362136147
  yaw: -306.39642
  pitch: -2.7865257
timestamps:
  login: 1374521031282
  logout: 1374521051629
ipAddress: 187.106.40.107
logoutlocation:
  world: world
  x: 9198.0
  y: 73.0
  z: 9549.0
  yaw: -2.0334752
  pitch: 2.0168936
money: '100.0'
