lastlocation:
  world: world
  x: 10459.125054623593
  y: 64.0
  z: 9661.019510155675
  yaw: 0.0
  pitch: 0.0
