lastlocation:
  world: world
  x: 10458.669714679572
  y: 64.0
  z: 9660.418076313674
  yaw: 0.0
  pitch: 0.0
