lastlocation:
  world: world
  x: 9105.021854255663
  y: 66.0
  z: 9622.395649405451
  yaw: 134.59761
  pitch: 16.883944
timestamps:
  login: 1375233814078
  kits:
    notch: 1375222655739
  logout: 1375233906835
  lastteleport: 1375233896085
ipAddress: 187.74.125.119
logoutlocation:
  world: world
  x: 9197.030700712849
  y: 73.0
  z: 9549.504284386523
  yaw: -270.3141
  pitch: 8.9184065
money: '106.0'
