lastlocation:
  world: world
  x: 9198.5
  y: 73.0
  z: 9549.5
  yaw: -275.2641
  pitch: 10.568406
timestamps:
  login: 1373150181526
  logout: 1373150263127
ipAddress: 200.96.147.91
logoutlocation:
  world: world
  x: 9200.222319183296
  y: 73.0
  z: 9552.157747450707
  yaw: 13.350012
  pitch: -1.3500009
money: '102.0'
