lastlocation:
  world: world
  x: 9198.5
  y: 73.0
  z: 9549.5
  yaw: -270.3141
  pitch: 8.9184065
timestamps:
  login: 1373408239655
  logout: 1373408371739
ipAddress: 188.55.28.59
logoutlocation:
  world: world
  x: 9173.690196270238
  y: 72.0
  z: 9546.061929937696
  yaw: 76.7693
  pitch: 21.738258
money: '108.0'
