lastlocation:
  world: world
  x: 9198.5
  y: 73.0
  z: 9549.5
  yaw: -270.3141
  pitch: 8.9184065
timestamps:
  login: 1375543122734
  logout: 1375543204502
ipAddress: 179.187.88.44
logoutlocation:
  world: world
  x: 9198.681497924326
  y: 72.5
  z: 9552.737342077411
  yaw: 191.70001
  pitch: -9.149999
money: '102.0'
