lastlocation:
  world: world
  x: 0.058698324955025555
  y: 63.0
  z: 0.5187871524750924
  yaw: -89.70232
  pitch: 0.91199374
timestamps:
  login: 1371890430499
  lastteleport: 1371890449779
  kits:
    tools: 1371888470914
    firework: 1371888484351
    color: 1370433516479
  logout: 1371890464134
ipAddress: 78.225.6.125
logoutlocation:
  world: world
  x: 0.5
  y: 63.0
  z: 0.5
  yaw: -89.70232
  pitch: 0.91199374
money: '170.0'
mail:
- 'eyesofcreeper: Pour me repondre : /mail send eyesofcreeper MESSAGE'
- 'eyesofcreeper: Coucou ! Petit sondage, tu aimes le nouveaau spawn ? Es que tout
  ce passe bien ? eyes'
