lastlocation:
  world: world
  x: 9198.5
  y: 73.0
  z: 9549.5
  yaw: -270.3141
  pitch: 8.9184065
timestamps:
  login: 1372736394433
  kits:
    notch: 1372736675860
  logout: 1372736719858
ipAddress: 189.18.101.109
logoutlocation:
  world: world
  x: 9109.943180266833
  y: 65.0
  z: 9568.531212736363
  yaw: 22.650175
  pitch: 2.2500002
money: '110.0'
