lastlocation:
  world: world
  x: 9198.0
  y: 73.0
  z: 9549.0
  yaw: 0.0
  pitch: 0.0
timestamps:
  login: 1376578550173
  logout: 1376578610016
ipAddress: 78.216.173.4
logoutlocation:
  world: world
  x: 9170.24392213813
  y: 72.0
  z: 9548.920404694905
  yaw: -264.70026
  pitch: 20.183441
money: '102.0'
