lastlocation:
  world: world
  x: 9198.5
  y: 73.0
  z: 9549.5
  yaw: -270.3141
  pitch: 8.9184065
timestamps:
  login: 1374679399150
ipAddress: 62.147.139.189
logoutlocation:
  world: world
  x: 9179.11262311554
  y: 72.0
  z: 9548.753375425553
  yaw: 67.05032
  pitch: 43.950016
money: '104.0'
