lastlocation:
  world: world
  x: 9198.0
  y: 73.0
  z: 9549.0
  yaw: 0.0
  pitch: 0.0
timestamps:
  login: 1372703354172
  logout: 1372703387028
ipAddress: 187.66.156.19
logoutlocation:
  world: world
  x: 9198.5
  y: 73.0
  z: 9549.5
  yaw: -270.46408
  pitch: 9.218406
money: '100.0'
