lastlocation:
  world: world
  x: 9198.0
  y: 73.0
  z: 9549.0
  yaw: 0.0
  pitch: 0.0
timestamps:
  login: 1373554452434
  logout: 1373554471851
ipAddress: 86.216.146.96
logoutlocation:
  world: world
  x: 9192.804254905073
  y: 72.0
  z: 9551.137999564673
  yaw: 237.59999
  pitch: -10.199994
money: '100.0'
