lastlocation:
  world: world
  x: 9144.092017743484
  y: 67.0
  z: 9559.750914933715
  yaw: -229.9096
  pitch: 16.592937
timestamps:
  login: 1376128868387
  logout: 1376129108191
ipAddress: 92.134.131.159
logoutlocation:
  world: world
  x: 9198.05025791288
  y: 72.0
  z: 9542.992999150416
  yaw: 22.59401
  pitch: 11.899931
money: '107.0'
