lastlocation:
  world: world
  x: 9148.010137459447
  y: 70.41999998688698
  z: 9551.575558441058
  yaw: -272.41406
  pitch: 25.118399
timestamps:
  login: 1373576646091
  logout: 1373577173789
ipAddress: 92.137.97.181
logoutlocation:
  world: world
  x: 9077.438976199062
  y: 65.24918707874468
  z: 9495.857286926837
  yaw: 17.83548
  pitch: 20.618406
money: '115.0'
