lastlocation:
  world: world
  x: 9198.5
  y: 73.0
  z: 9549.5
  yaw: -270.3141
  pitch: 8.9184065
timestamps:
  login: 1374365042750
  logout: 1374365640651
ipAddress: 187.79.56.53
logoutlocation:
  world: world
  x: 9188.746928882714
  y: 72.0
  z: 9532.781237712265
  yaw: -14.999892
  pitch: 2.6999846
money: '118.0'
