lastlocation:
  world: world
  x: 9137.120758235427
  y: 67.0
  z: 9548.83203811099
  yaw: 84.00221
  pitch: 13.685015
timestamps:
  login: 1375543900882
  logout: 1375544202159
ipAddress: 81.51.175.235
logoutlocation:
  world: world
  x: 9128.508817230737
  y: 67.0
  z: 9546.554589649477
  yaw: 158.50941
  pitch: 7.1297183
money: '110.0'
