lastlocation:
  world: world
  x: 9151.901550850047
  y: 67.0
  z: 9539.300000011921
  yaw: 98.84978
  pitch: 5.099996
timestamps:
  login: 1374444557629
  logout: 1374445012893
ipAddress: 186.204.1.192
logoutlocation:
  world: world
  x: 9152.04753796193
  y: 67.0
  z: 9539.300000011921
  yaw: 98.84978
  pitch: 5.099996
money: '115.0'
