lastlocation:
  world: world
  x: 9198.0
  y: 73.0
  z: 9549.0
  yaw: 0.0
  pitch: 0.0
timestamps:
  login: 1376679591104
  logout: 1376679607265
ipAddress: 2.89.43.163
logoutlocation:
  world: world
  x: 9198.5
  y: 73.0
  z: 9549.5
  yaw: -153.51279
  pitch: 60.43898
money: '100.0'
