lastlocation:
  world: world
  x: 9143.699999988079
  y: 68.26656973712029
  z: 9558.738931713277
  yaw: -232.56194
  pitch: 26.369118
timestamps:
  login: 1374752973811
  logout: 1374753218556
ipAddress: 81.51.35.157
logoutlocation:
  world: world
  x: 9132.350096089944
  y: 67.0
  z: 9551.505152412676
  yaw: -163.94258
  pitch: 14.682827
money: '107.0'
