lastlocation:
  world: world
  x: 9148.028816104345
  y: 70.09690595322301
  z: 9550.155911839043
  yaw: -279.8441
  pitch: 11.093386
timestamps:
  login: 1376507555012
  lastteleport: 1376508199926
  logout: 1376509104977
ipAddress: 82.226.13.122
logoutlocation:
  world: world
  x: 9198.208156884722
  y: 73.0
  z: 9549.248034433522
  yaw: -270.3141
  pitch: 8.9184065
money: '143.0'
