lastlocation:
  world: world
  x: 9148.087303693288
  y: 70.0
  z: 9550.696637143436
  yaw: -272.70026
  pitch: 16.200008
timestamps:
  login: 1372936060024
  logout: 1372936259565
ipAddress: 177.192.87.141
logoutlocation:
  world: world
  x: 9126.354021936728
  y: 67.0
  z: 9544.537592704131
  yaw: -315.00046
  pitch: 8.850012
money: '106.0'
