lastlocation:
  world: world
  x: 9195.6826823144
  y: 72.5
  z: 9547.670900882618
  yaw: 200.70006
  pitch: 5.550007
timestamps:
  login: 1373062043834
  logout: 1373062541358
ipAddress: 89.181.204.161
logoutlocation:
  world: world
  x: 9186.351934941464
  y: 72.0
  z: 9545.248080175801
  yaw: -148.65039
  pitch: 70.200005
money: '116.0'
