lastlocation:
  world: world
  x: 9194.133827095913
  y: 61.0
  z: 9577.954355312737
  yaw: -351.32895
  pitch: 9.6380825
timestamps:
  login: 1377006050162
  logout: 1377006096947
ipAddress: 89.88.9.4
logoutlocation:
  world: world
  x: 9154.48010770508
  y: 67.0
  z: 9530.632162711507
  yaw: 183.18716
  pitch: 13.571039
