lastlocation:
  world: world
  x: 9029.09928425784
  y: 47.0
  z: 9559.441042325396
  yaw: 0.0
  pitch: 0.0
money: '99.0'
