lastlocation:
  world: world
  x: 9198.0
  y: 73.0
  z: 9549.0
  yaw: 0.0
  pitch: 0.0
timestamps:
  login: 1375650132189
  logout: 1375650193245
ipAddress: 77.31.9.162
logoutlocation:
  world: world
  x: 9201.765816760688
  y: 72.0
  z: 9545.9530871466
  yaw: -213.91405
  pitch: 2.0999975
money: '102.0'
