lastlocation:
  world: world
  x: 9146.94588468401
  y: 70.5
  z: 9548.74823250452
  yaw: 100.04993
  pitch: 22.49999
timestamps:
  login: 1373747176650
  logout: 1373747441002
ipAddress: 87.67.226.35
logoutlocation:
  world: world
  x: 9115.630585908504
  y: 66.0
  z: 9558.476908292485
  yaw: 236.69998
  pitch: 17.85
money: '108.0'
