lastlocation:
  world: world
  x: 9198.0
  y: 73.0
  z: 9549.0
  yaw: 0.0
  pitch: 0.0
timestamps:
  login: 1377105844349
  logout: 1377105886297
ipAddress: 187.113.116.135
logoutlocation:
  world: world
  x: 9192.103852829192
  y: 72.0
  z: 9559.979330283184
  yaw: 107.53592
  pitch: 3.9684064
