lastlocation:
  world: world
  x: 9143.29972506633
  y: 68.28502770378924
  z: 9558.29210749801
  yaw: -51.30002
  pitch: 20.399986
timestamps:
  login: 1374704292405
  logout: 1374704480885
ipAddress: 95.94.232.73
logoutlocation:
  world: world
  x: 9197.82142210495
  y: 73.0
  z: 9548.963726318625
  yaw: -71.56409
  pitch: 26.918407
money: '105.0'
