lastlocation:
  world: world
  x: 9198.0
  y: 73.0
  z: 9549.0
  yaw: 0.0
  pitch: 0.0
timestamps:
  login: 1374219575030
  logout: 1374219583091
ipAddress: 85.3.57.234
logoutlocation:
  world: world
  x: 9198.5
  y: 73.0
  z: 9549.5
  yaw: -269.98132
  pitch: 9.916728
money: '100.0'
