lastlocation:
  world: world
  x: 9131.971321690875
  y: 68.0155550727022
  z: 9553.408671732199
  yaw: -93.30003
  pitch: 10.500009
timestamps:
  login: 1373134375133
  lastteleport: 1373129795677
  logout: 1373134950009
ipAddress: 187.75.208.149
logoutlocation:
  world: world
  x: 9133.7914598897
  y: 67.0
  z: 9537.732497673554
  yaw: 284.10016
  pitch: 13.799993
money: '78.0'
