lastlocation:
  world: world
  x: 9198.5
  y: 73.0
  z: 9549.5
  yaw: -270.3141
  pitch: 9.818407
timestamps:
  login: 1372953936663
  logout: 1372954059414
ipAddress: 187.58.127.128
logoutlocation:
  world: world
  x: 9209.300000011921
  y: 61.0
  z: 9532.959817263301
  yaw: -12.60012
  pitch: 7.6499996
money: '104.0'
