lastlocation:
  world: world
  x: 9128.240910589751
  y: 68.00133597911214
  z: 9551.63428091996
  yaw: -199.66333
  pitch: 34.500042
timestamps:
  login: 1372786446965
  logout: 1372786693133
ipAddress: 179.232.40.67
logoutlocation:
  world: world
  x: 9220.71247746744
  y: 66.0
  z: 9591.780657849848
  yaw: -85.362976
  pitch: 19.050076
money: '121.0'
