lastlocation:
  world: world
  x: 9148.134014643183
  y: 70.0
  z: 9551.560887122305
  yaw: -264.7505
  pitch: 17.40002
timestamps:
  login: 1372935258000
  logout: 1372935869567
ipAddress: 83.158.61.223
logoutlocation:
  world: world
  x: 9112.300000011921
  y: 43.0
  z: 9486.37663941852
  yaw: -275.8496
  pitch: 19.799978
money: '120.0'
