lastlocation:
  world: world
  x: 9137.056618733166
  y: 67.0
  z: 9548.02885175234
  yaw: 78.40374
  pitch: 20.40295
timestamps:
  login: 1374612370992
  logout: 1374612493992
ipAddress: 88.125.147.150
logoutlocation:
  world: world
  x: 9106.167493243573
  y: 65.0
  z: 9538.29729411351
  yaw: 137.82169
  pitch: 15.141754
money: '104.0'
