lastlocation:
  world: world
  x: 9197.299012255586
  y: 72.0
  z: 9555.019362518804
  yaw: -204.16406
  pitch: 6.968408
timestamps:
  login: 1377259323225
  lastteleport: 1377113665661
  logout: 1377259349198
ipAddress: 85.5.201.253
logoutlocation:
  world: world
  x: 9191.436961698028
  y: 72.0
  z: 9563.96081685399
  yaw: -120.61412
  pitch: 3.3684096
