lastlocation:
  world: world
  x: 9198.0
  y: 73.0
  z: 9549.0
  yaw: 0.0
  pitch: 0.0
timestamps:
  login: 1374241088082
  logout: 1374241116111
ipAddress: 92.143.110.203
logoutlocation:
  world: world
  x: 9198.5
  y: 73.0
  z: 9549.5
  yaw: -271.03375
  pitch: 8.9184065
money: '100.0'
