lastlocation:
  world: world
  x: 9180.181241858716
  y: 72.0
  z: 9550.377261101503
  yaw: -245.79164
  pitch: 16.3047
timestamps:
  login: 1373577523328
  lastteleport: 1373578299610
  logout: 1373578691701
ipAddress: 83.193.208.95
logoutlocation:
  world: world
  x: 9668.341191540196
  y: 67.0
  z: 9369.300000011921
  yaw: 219.96442
  pitch: 36.2908
money: '138.0'
