lastlocation:
  world: world
  x: 9198.5
  y: 73.0
  z: 9549.5
  yaw: -271.96402
  pitch: 9.668405
timestamps:
  login: 1372725056230
  logout: 1372725122567
ipAddress: 189.48.81.121
logoutlocation:
  world: world
  x: 9196.905500303748
  y: 72.0
  z: 9559.571262852698
  yaw: 98.69996
  pitch: 32.399982
money: '102.0'
