lastlocation:
  world: world
  x: 9198.0
  y: 73.0
  z: 9549.0
  yaw: 0.0
  pitch: 0.0
timestamps:
  login: 1377033350911
  logout: 1377033355085
ipAddress: 186.241.118.40
logoutlocation:
  world: world
  x: 9195.304833407197
  y: 72.0
  z: 9551.576666854688
  yaw: -324.46408
  pitch: -1.1315932
