lastlocation:
  world: world
  x: 9198.0
  y: 73.0
  z: 9549.0
  yaw: 0.0
  pitch: 0.0
timestamps:
  login: 1373732299356
  logout: 1373732308719
ipAddress: 177.188.130.172
logoutlocation:
  world: world
  x: 9198.5
  y: 73.0
  z: 9549.5
  yaw: -270.43567
  pitch: 7.2161775
money: '100.0'
