lastlocation:
  world: world
  x: 9198.5
  y: 73.0
  z: 9549.5
  yaw: -270.50992
  pitch: 10.4851265
timestamps:
  login: 1373584080053
  logout: 1373584139201
ipAddress: 187.64.203.197
logoutlocation:
  world: world
  x: 9198.0
  y: 73.0
  z: 9549.0
  yaw: 0.0
  pitch: 0.0
money: '100.0'
