lastlocation:
  world: world
  x: 9143.909223186109
  y: 71.63043391181407
  z: 9549.170597917222
  yaw: 89.050064
  pitch: 4.889418
timestamps:
  login: 1377295585594
  logout: 1377295855499
ipAddress: 177.83.92.206
logoutlocation:
  world: world
  x: 9198.208156884722
  y: 73.0
  z: 9549.248034433522
  yaw: -270.3141
  pitch: 8.9184065
