lastlocation:
  world: world
  x: 9198.0
  y: 73.0
  z: 9549.0
  yaw: 0.0
  pitch: 0.0
timestamps:
  login: 1377090497327
  logout: 1377090579951
ipAddress: 87.89.8.199
logoutlocation:
  world: world
  x: 9198.841773017004
  y: 72.0
  z: 9543.29920523757
  yaw: 165.28589
  pitch: 41.46838
