lastlocation:
  world: world
  x: 9198.5
  y: 73.0
  z: 9549.5
  yaw: -270.22266
  pitch: 8.826973
timestamps:
  login: 1374026826211
  logout: 1374026896190
ipAddress: 189.26.148.213
logoutlocation:
  world: world
  x: 9191.924610133623
  y: 72.0
  z: 9549.559383155893
  yaw: -281.9813
  pitch: -13.715024
money: '102.0'
