lastlocation:
  world: world
  x: 9198.5
  y: 73.0
  z: 9549.5
  yaw: -270.3141
  pitch: 8.9184065
timestamps:
  login: 1374685223297
  logout: 1374685326169
ipAddress: 189.71.124.70
logoutlocation:
  world: world
  x: 9180.05240421621
  y: 72.0
  z: 9547.048010972552
  yaw: -274.50003
  pitch: 19.80001
money: '102.0'
