lastlocation:
  world: world
  x: 9147.267040164334
  y: 70.0
  z: 9548.416414111167
  yaw: -288.91388
  pitch: 17.550001
timestamps:
  login: 1377310672705
  logout: 1377310923260
ipAddress: 177.39.189.243
logoutlocation:
  world: world
  x: 9195.688383841498
  y: 72.5
  z: 9549.93080648231
  yaw: -276.76413
  pitch: 20.318405
