lastlocation:
  world: world
  x: 9142.906768021887
  y: 67.0
  z: 9559.59506356445
  yaw: -71.25035
  pitch: 42.749996
timestamps:
  login: 1373154535802
  logout: 1373154700622
ipAddress: 189.18.60.185
logoutlocation:
  world: world
  x: 9118.475981343203
  y: 66.0
  z: 9558.549904534932
  yaw: -218.85037
  pitch: 39.000008
money: '122.0'
