lastlocation:
  world: world
  x: 9199.97089670294
  y: 61.0
  z: 9577.963195538787
  yaw: -356.85007
  pitch: 15.900017
timestamps:
  login: 1373768525137
  logout: 1373769509119
ipAddress: 177.143.219.247
logoutlocation:
  world: world
  x: 9193.303255730847
  y: 61.0
  z: 9542.404929378741
  yaw: -182.4137
  pitch: 11.318436
money: '142.0'
