lastlocation:
  world: world
  x: 9123.951683348814
  y: 102.0
  z: 9558.700243826292
  yaw: 226.34981
  pitch: 76.49999
timestamps:
  login: 1374777530546
  logout: 1374777738624
ipAddress: 177.183.230.184
logoutlocation:
  world: world
  x: 9099.326753598833
  y: 71.46471999878759
  z: 9558.90996739347
  yaw: 281.54977
  pitch: 18.599977
money: '12.0'
