lastlocation:
  world: world
  x: 9198.0
  y: 73.0
  z: 9549.0
  yaw: 0.0
  pitch: 0.0
timestamps:
  login: 1374642664589
  logout: 1374642698302
ipAddress: 188.71.222.31
logoutlocation:
  world: world
  x: 9202.558273487293
  y: 72.0
  z: 9543.254170280343
  yaw: -98.864075
  pitch: 33.668407
money: '159.0'
