lastlocation:
  world: world
  x: 9147.878522445788
  y: 71.28502770378924
  z: 9550.009066634522
  yaw: 85.050354
  pitch: 17.549946
timestamps:
  login: 1373364318190
  kits:
    firework: 1373364731834
    color: 1373364651436
    start: 1373364618784
    notch: 1373364551536
  logout: 1373364804478
ipAddress: 82.154.231.241
logoutlocation:
  world: world
  x: 9195.670316535328
  y: 72.5
  z: 9549.25433500187
  yaw: -270.3141
  pitch: 8.9184065
money: '115.0'
