timestamps:
  login: 1377194862664
  logout: 1377195192284
ipAddress: 2.1.239.126
lastlocation:
  world: world
  x: 9127.965913892256
  y: 69.0
  z: 9573.77784407331
  yaw: -127.51412
  pitch: -9.149995
logoutlocation:
  world: world
  x: 9121.380823908072
  y: 72.0
  z: 9572.461000624759
  yaw: -95.41406
  pitch: 18.149984
