lastlocation:
  world: world
  x: 9143.07941633588
  y: 72.80009004462133
  z: 9554.639213017343
  yaw: 103.34429
  pitch: 64.00224
timestamps:
  login: 1372861662944
  logout: 1372862255524
ipAddress: 92.138.26.225
logoutlocation:
  world: world
  x: 9067.340053674583
  y: 65.0
  z: 9620.805556311972
  yaw: -138.09036
  pitch: 4.094359
money: '118.0'
