lastlocation:
  world: world
  x: 9144.108138124131
  y: 67.0
  z: 9558.939029238441
  yaw: -215.64459
  pitch: 22.641771
timestamps:
  login: 1374486942842
  logout: 1374487168156
ipAddress: 79.152.250.115
logoutlocation:
  world: world
  x: 9111.699999988079
  y: 67.0
  z: 9560.234638472128
  yaw: -18.36441
  pitch: 2.1458373
money: '105.0'
