lastlocation:
  world: world
  x: 9198.5
  y: 73.0
  z: 9549.5
  yaw: -270.3141
  pitch: 8.9184065
timestamps:
  login: 1372715412577
  logout: 1372715580141
ipAddress: 89.156.135.100
logoutlocation:
  world: world
  x: 9081.696126853609
  y: 65.0
  z: 9577.292112151352
  yaw: 202.95007
  pitch: 33.149986
money: '104.0'
