lastlocation:
  world: world
  x: 9198.0
  y: 73.0
  z: 9549.0
  yaw: 0.0
  pitch: 0.0
timestamps:
  login: 1373303330263
  logout: 1373303337795
ipAddress: 90.38.194.73
logoutlocation:
  world: world
  x: 9143.227848751207
  y: 67.5
  z: 9553.19122395483
  yaw: -177.89728
  pitch: 42.8436
ban:
  reason: 'Banni : multi compte'
  timeout: 0
money: '109.0'
