lastlocation:
  world: world
  x: 9198.5
  y: 73.0
  z: 9549.5
  yaw: -270.3141
  pitch: 8.9184065
timestamps:
  login: 1373133333151
  logout: 1373133425009
ipAddress: 201.24.232.79
logoutlocation:
  world: world
  x: 9197.777681389094
  y: 72.0
  z: 9554.420596608048
  yaw: -99.900024
  pitch: -5.8499975
money: '102.0'
