lastlocation:
  world: world
  x: 9198.5
  y: 73.0
  z: 9549.5
  yaw: -270.3141
  pitch: 8.9184065
timestamps:
  login: 1375547346747
  logout: 1375547428950
ipAddress: 90.148.21.104
logoutlocation:
  world: world
  x: 9182.25111574075
  y: 72.0
  z: 9550.201400585705
  yaw: -251.00697
  pitch: 15.454412
money: '102.0'
