lastlocation:
  world: world
  x: 9198.0
  y: 73.0
  z: 9549.0
  yaw: 0.0
  pitch: 0.0
timestamps:
  login: 1375547663587
  logout: 1375547668189
ipAddress: 176.17.98.236
logoutlocation:
  world: world
  x: 9198.5
  y: 73.0
  z: 9549.5
  yaw: -270.61407
  pitch: 8.9184065
money: '100.0'
