lastlocation:
  world: world
  x: 9198.0
  y: 73.0
  z: 9549.0
  yaw: 0.0
  pitch: 0.0
timestamps:
  login: 1376090042158
  logout: 1376090050637
ipAddress: 177.83.147.118
logoutlocation:
  world: world
  x: 9198.5
  y: 73.0
  z: 9549.5
  yaw: -31.664062
  pitch: 28.868406
money: '100.0'
