lastlocation:
  world: world
  x: 9132.249439812524
  y: 68.0155550727022
  z: 9553.62387310279
  yaw: 8.699829
  pitch: 3.9000025
timestamps:
  login: 1372790462716
  logout: 1372790598133
ipAddress: 37.107.50.162
logoutlocation:
  world: world
  x: 9133.902529835466
  y: 67.0
  z: 9544.363330876777
  yaw: 22.32016
  pitch: -7.300052
money: '104.0'
