lastlocation:
  world: world
  x: 9174.904541053325
  y: 72.0
  z: 9552.563130648266
  yaw: -249.59998
  pitch: 9.750009
timestamps:
  login: 1372717978240
  logout: 1372718254990
  lastteleport: 1372718079690
ipAddress: 177.206.179.49
logoutlocation:
  world: world
  x: 9163.86682882656
  y: 72.0
  z: 9550.610906944763
  yaw: 64.03589
  pitch: 17.849997
money: '114.0'
