lastlocation:
  world: world
  x: 9198.0
  y: 73.0
  z: 9549.0
  yaw: 0.0
  pitch: 0.0
timestamps:
  login: 1373222018826
  kits:
    tools: 1371222081062
    firework: 1371222107863
    color: 1371222090113
  lastteleport: 1371222327558
  logout: 1373222192225
ipAddress: 187.122.172.4
logoutlocation:
  world: world
  x: 9198.208156884722
  y: 73.0
  z: 9549.248034433522
  yaw: -266.05557
  pitch: 14.212777
money: '112.0'
mail:
- 'eyesofcreeper: Pour me repondre : /mail send eyesofcreeper MESSAGE'
- 'eyesofcreeper: Coucou ! Petit sondage, tu aimes le nouveaau spawn ? Es que tout
  ce passe bien ? eyes'
