lastlocation:
  world: world
  x: 9128.612790639498
  y: 69.01655150137626
  z: 9573.262838896084
  yaw: -280.7603
  pitch: 45.150013
timestamps:
  login: 1373823060303
  logout: 1373823943892
  lastteleport: 1373630412652
ipAddress: 188.50.157.251
logoutlocation:
  world: world
  x: 9198.208156884722
  y: 73.0
  z: 9549.248034433522
  yaw: -270.3141
  pitch: 8.9184065
money: '135.0'
