lastlocation:
  world: world
  x: 9198.5
  y: 73.0
  z: 9549.5
  yaw: -270.3141
  pitch: 8.9184065
timestamps:
  login: 1373143238707
  logout: 1373143297044
ipAddress: 87.109.86.158
logoutlocation:
  world: world
  x: 9201.29015326985
  y: 72.5
  z: 9551.703031622943
  yaw: -244.90543
  pitch: 7.2302504
money: '102.0'
