lastlocation:
  world: world
  x: 9148.173158582404
  y: 71.10408037809304
  z: 9549.849484302045
  yaw: 89.850075
  pitch: 12.149988
timestamps:
  login: 1373293369093
  logout: 1373293787708
ipAddress: 2.3.108.214
logoutlocation:
  world: world
  x: 9110.502701612828
  y: 65.0
  z: 9568.542676920477
  yaw: 263.5503
  pitch: 43.649963
money: '114.0'
