lastlocation:
  world: world
  x: 9138.601828324494
  y: 70.11622931570489
  z: 9550.079086489624
  yaw: 79.35
  pitch: 8.399998
timestamps:
  login: 1374172406431
  logout: 1374172566727
ipAddress: 177.34.177.220
logoutlocation:
  world: world
  x: 9124.12380516657
  y: 67.0
  z: 9538.557027746147
  yaw: -183.45004
  pitch: -0.8999999
money: '104.0'
