lastlocation:
  world: world
  x: 9198.0
  y: 73.0
  z: 9549.0
  yaw: 0.0
  pitch: 0.0
timestamps:
  login: 1373144892153
  logout: 1373144918122
ipAddress: 176.45.221.0
logoutlocation:
  world: world
  x: 9198.5
  y: 73.0
  z: 9549.5
  yaw: -270.49695
  pitch: 8.826973
money: '100.0'
