lastlocation:
  world: world
  x: 9198.5
  y: 73.0
  z: 9549.5
  yaw: -270.3141
  pitch: 8.9184065
timestamps:
  login: 1375453002968
  logout: 1375453153454
ipAddress: 95.208.70.27
logoutlocation:
  world: world
  x: 9193.703186045246
  y: 72.0
  z: 9553.620301566572
  yaw: -316.49988
  pitch: 21.300009
money: '104.0'
