lastlocation:
  world: world
  x: 9198.5
  y: 73.0
  z: 9549.5
  yaw: -270.3141
  pitch: 8.9184065
timestamps:
  login: 1373012563387
  logout: 1373012566987
ipAddress: 78.237.23.200
logoutlocation:
  world: world
  x: 9152.922279044536
  y: 71.5
  z: 9551.135921461866
  yaw: 52.786564
  pitch: -52.87792
money: '106.0'
