lastlocation:
  world: world
  x: 9198.0
  y: 73.0
  z: 9549.0
  yaw: 0.0
  pitch: 0.0
timestamps:
  login: 1372851676135
  logout: 1372851797663
ipAddress: 86.198.190.84
logoutlocation:
  world: world
  x: 9203.067820299857
  y: 72.0
  z: 9535.489764307495
  yaw: -90.93123
  pitch: 70.9536
money: '104.0'
