lastlocation:
  world: world
  x: 9144.001049785902
  y: 67.41999998688698
  z: 9559.521549847474
  yaw: -224.09962
  pitch: 11.400005
timestamps:
  login: 1373599281917
  logout: 1373599568431
ipAddress: 187.52.83.26
logoutlocation:
  world: world
  x: 9139.482771425099
  y: 67.0
  z: 9549.908907864296
  yaw: -92.24961
  pitch: -3.1499972
money: '116.0'
