lastlocation:
  world: world
  x: 9164.579600737878
  y: 72.0
  z: 9552.114189752734
  yaw: 205.18608
  pitch: 11.168408
timestamps:
  login: 1372982138980
  lastteleport: 1372982207938
  logout: 1372982236988
ipAddress: 187.114.32.53
logoutlocation:
  world: world
  x: 85.34680878767972
  y: 64.0
  z: -23.234214320914614
  yaw: -77.6815
  pitch: 25.635544
money: '108.0'
