lastlocation:
  world: world
  x: 9128.863573158778
  y: 69.24918707874468
  z: 9574.0523130497
  yaw: -222.9005
  pitch: 64.34995
timestamps:
  login: 1373361718976
  logout: 1373362079478
ipAddress: 188.83.16.59
logoutlocation:
  world: world
  x: 9137.013595167158
  y: 69.0
  z: 9579.605901407085
  yaw: -207.90047
  pitch: 47.39996
money: '112.0'
