lastlocation:
  world: world
  x: 9133.301271797447
  y: 80.07247721015776
  z: 9580.344321527975
  yaw: -212.26372
  pitch: 75.75
timestamps:
  login: 1374824790541
  logout: 1374825473771
ipAddress: 213.44.107.254
logoutlocation:
  world: world
  x: 9121.108810809825
  y: 69.05784422398881
  z: 9585.305588622248
  yaw: -185.86366
  pitch: 37.950027
money: '121.0'
