lastlocation:
  world: world
  x: 9148.244872258643
  y: 70.0
  z: 9549.014734037619
  yaw: -258.01407
  pitch: 39.818413
timestamps:
  login: 1375725225476
  logout: 1375725306377
ipAddress: 90.54.144.174
logoutlocation:
  world: world
  x: 9198.208156884722
  y: 73.0
  z: 9549.248034433522
  yaw: -203.2641
  pitch: -15.749999
money: '119.0'
