lastlocation:
  world: world
  x: 9455.07329795463
  y: 69.41999998688698
  z: 9639.354591679545
  yaw: 32.84839
  pitch: 22.199986
timestamps:
  login: 1374834033354
  logout: 1374834851271
ipAddress: 188.251.65.170
logoutlocation:
  world: world
  x: 9182.459772435026
  y: 72.0
  z: 9575.309492867982
  yaw: 91.19838
  pitch: 7.6499925
money: '427.0'
