lastlocation:
  world: world
  x: 9198.5
  y: 73.0
  z: 9549.5
  yaw: -270.3141
  pitch: 8.9184065
timestamps:
  login: 1375461813817
  logout: 1375461903455
ipAddress: 2.82.44.164
logoutlocation:
  world: world
  x: 9194.988657182917
  y: 61.0
  z: 9530.128208594115
  yaw: -51.253796
  pitch: 19.592537
money: '102.0'
