lastlocation:
  world: world
  x: 9198.0
  y: 73.0
  z: 9549.0
  yaw: 0.0
  pitch: 0.0
timestamps:
  login: 1372894745012
  logout: 1372894900884
ipAddress: 94.99.79.62
logoutlocation:
  world: world
  x: 9172.558522550511
  y: 72.0
  z: 9545.947978130653
  yaw: -294.31415
  pitch: 36.068405
money: '101.0'
