lastlocation:
  world: world
  x: 9148.120999341472
  y: 72.0
  z: 9542.111752056195
  yaw: -268.49988
  pitch: 24.450035
timestamps:
  login: 1375286007448
  logout: 1375286084311
ipAddress: 83.108.114.106
logoutlocation:
  world: world
  x: 9198.208156884722
  y: 73.0
  z: 9549.248034433522
  yaw: -270.3141
  pitch: 8.9184065
money: '106.0'
