world: world
x: -68.04680561598022
y: 78.5
z: 132.55906212089957
yaw: -359.28845
pitch: 35.764706
name: cells
