world: world
x: -78.54567059486887
y: 77.0
z: -4.634036901489351
yaw: 0.25357804
pitch: -2.400705
name: DonorArea
