world: world
x: -47.699067963287234
y: 79.0
z: 45.553432730618056
yaw: 89.88066
pitch: 26.103146
name: DonorInfo
