world: world
x: 126.13690944637528
y: 64.0
z: 210.69350938906427
yaw: 180.97687
pitch: 9.651505
name: Dropparty
