world: world
x: 17.183114000588972
y: 70.0
z: 97.48117414882577
yaw: -271.4619
pitch: 6.0357256
name: guard
