world: world
x: 71.5387884067849
y: 76.0
z: -315.5403146878654
yaw: -271.46393
pitch: 11.971182
name: newprison
