world: world
x: 3.573231091033595
y: 78.0
z: 97.6754914074344
yaw: 270.6043
pitch: 5.8271766
name: spawn
