world: world
x: -123.63369953408979
y: 79.0
z: 66.31521581297484
yaw: -0.2795105
pitch: 6.8196435
name: VIP
