spawns: 
  default: 
    world: world
    x: 9195.300000011921
    y: 63.0
    z: 9563.699999988079
    yaw: -180.48044
    pitch: 17.5008
  membre: 
    world: world
    x: 9194.46494314591
    y: 63.0
    z: 9548.28592464907
    yaw: -177.40858
    pitch: 5.0772033
