spawns: 
  default: 
    world: world
    x: 9485.250381061122
    y: 63.0
    z: 9918.140791657474
    yaw: 91.0865
    pitch: -0.31684673
  membre: 
    world: world
    x: 9194.46494314591
    y: 63.0
    z: 9548.28592464907
    yaw: -177.40858
    pitch: 5.0772033
