world: world_the_end
x: 100.73184846043154
y: 49.0
z: 0.3763208494917839
yaw: 92.45755
pitch: 0.61441827
name: end
