world: world_nether
x: 68.48284230054668
y: 100.0
z: -53.36752841318114
yaw: -350.32513
pitch: 30.4224
name: instance
