world: world
x: 9347.935896468212
y: 84.0
z: 9531.501197250813
yaw: -91.66553
pitch: 35.999977
name: Isi02
