world: world
x: 9460.925000011921
y: 95.0
z: 9547.698445741738
yaw: -72.462616
pitch: 41.09997
name: Isi03
