world: world
x: 9686.892631413179
y: 77.0
z: 9413.392371685577
yaw: -89.265045
pitch: 34.200066
name: isi01
