world: plotworld
x: -1.4180835135387606
y: 69.0
z: -1.2777394733446341
yaw: 176.90894
pitch: 5.2128105
name: maisons
