world: world
x: 10059.300000011921
y: 123.0
z: -10070.449820654792
yaw: 270.78113
pitch: 8.304007
name: mobarena
