world: world_nether
x: 0.48792738281190395
y: 91.0
z: 1.1380943797575425
yaw: -177.60149
pitch: 1.5263904
name: nether
