world: world
x: 26.69999998807907
y: 12.0
z: -40.27707692159164
yaw: -272.83148
pitch: 12.585576
name: spleef
