timestamps:
  login: 1378063930435
  logout: 1378063992083
ipAddress: 177.42.165.210
lastlocation:
  world: world
  x: 591.3129172364996
  y: -1.6860000133514401
  z: -962.9154604340971
  yaw: -336.1502
  pitch: -80.24999
logoutlocation:
  world: world
  x: 71.42738249576212
  y: 76.0
  z: -315.06606327862346
  yaw: 33.42763
  pitch: 44.250008
