timestamps:
  login: 1378051063144
  logout: 1378052696215
ipAddress: 90.0.133.12
lastlocation:
  world: world
  x: 50.5
  y: -1.6860000133514401
  z: -1192.5
  yaw: 0.0
  pitch: 0.0
logoutlocation:
  world: world
  x: 112.19922352169966
  y: 66.0
  z: -261.59095340318777
  yaw: 181.84937
  pitch: -42.604145
