timestamps:
  login: 1377898292980
  logout: 1377898424656
ipAddress: 177.157.30.36
lastlocation:
  world: world
  x: 606.5
  y: -1.5880000114440915
  z: -1176.5
  yaw: 0.0
  pitch: 0.0
logoutlocation:
  world: world
  x: 102.99101656350679
  y: 65.0
  z: -294.30000001192093
  yaw: -65.57483
  pitch: 46.72558
