timestamps:
  login: 1377876560890
  logout: 1377876649625
ipAddress: 188.51.206.122
lastlocation:
  world: world
  x: -643.5
  y: -1.0
  z: 793.5
  yaw: 0.0
  pitch: 0.0
logoutlocation:
  world: world
  x: 45.5
  y: 63.0
  z: -128.5
  yaw: 89.64319
  pitch: 14.903741
