timestamps:
  login: 1376069858428
  logout: 1376069880827
ipAddress: 201.13.20.53
lastlocation:
  world: world
  x: 8819.5
  y: -1.1960000038146972
  z: 9107.5
  yaw: 0.0
  pitch: 0.0
logoutlocation:
  world: world
  x: 9195.5
  y: 63.0
  z: 9563.5
  yaw: -182.9033
  pitch: 4.673995
