timestamps:
  login: 1377078356752
  logout: 1377078652654
ipAddress: 86.193.180.68
lastlocation:
  world: world
  x: -5.5
  y: -1.6860000133514401
  z: -372.5
  yaw: 0.0
  pitch: 0.0
logoutlocation:
  world: world
  x: 44.149977794072605
  y: 57.0
  z: -171.99529289779844
  yaw: -191.70909
  pitch: 64.5
money: '100.0'
