lastlocation:
  world: world
  x: 9199.702952954003
  y: 63.0
  z: 9554.388147388434
  yaw: -322.8736
  pitch: 1.3403813
timestamps:
  login: 1375881210671
  logout: 1375881704806
ipAddress: 177.143.22.19
logoutlocation:
  world: world
  x: 9195.621748018824
  y: 63.0
  z: 9563.699999988079
  yaw: 178.34995
  pitch: 0.7500253
