timestamps:
  login: 1375663614892
  logout: 1375663731036
ipAddress: 187.7.191.47
lastlocation:
  world: world
  x: 9194.890447477599
  y: 63.0
  z: 9553.41588171961
  yaw: 175.23668
  pitch: 6.674414
logoutlocation:
  world: world
  x: 9195.891688518017
  y: 63.0
  z: 9563.15098610265
  yaw: -145.53041
  pitch: 63.700806
