lastlocation:
  world: world
  x: 9197.5
  y: 63.0
  z: 9543.5
  yaw: -158.05023
  pitch: 9.634383
timestamps:
  login: 1375628265851
  logout: 1375628364609
ipAddress: 82.234.39.165
logoutlocation:
  world: world
  x: 9197.5
  y: 63.0
  z: 9543.5
  yaw: 0.0
  pitch: 0.0
