timestamps:
  login: 1375974020163
  logout: 1375974108248
ipAddress: 77.31.234.151
lastlocation:
  world: world
  x: 9198.537984336974
  y: 63.0
  z: 9556.797357231313
  yaw: -16.591766
  pitch: 1.272141
logoutlocation:
  world: world
  x: 9195.427557172423
  y: 63.0
  z: 9563.699999988079
  yaw: -176.3451
  pitch: 8.5300455
