timestamps:
  login: 1376779567742
  logout: 1376779603942
ipAddress: 187.79.163.51
lastlocation:
  world: world
  x: 9195.702076806174
  y: 63.0
  z: 9563.405581012594
  yaw: -182.88979
  pitch: 8.817675
logoutlocation:
  world: world
  x: 9196.699999988079
  y: 63.0
  z: 9563.490046871393
  yaw: -223.65434
  pitch: 42.402615
