timestamps:
  login: 1375979429317
  logout: 1375979561244
ipAddress: 176.56.174.141
lastlocation:
  world: world
  x: 9196.057264012856
  y: 63.0
  z: 9563.699999988079
  yaw: -161.15071
  pitch: 52.017155
logoutlocation:
  world: world
  x: 9195.300000011921
  y: 63.0
  z: 9563.699999988079
  yaw: -135.43993
  pitch: 35.978954
