timestamps:
  login: 1375883319432
  logout: 1375883338152
ipAddress: 84.7.137.108
lastlocation:
  world: world
  x: 9459.5
  y: -1.5880000114440915
  z: 10145.5
  yaw: 0.0
  pitch: 0.0
logoutlocation:
  world: world
  x: 9195.5
  y: 63.0
  z: 9563.5
  yaw: -180.48044
  pitch: 17.5008
