lastlocation:
  world: world
  x: 672.5
  y: -1.0
  z: 439.5
  yaw: 0.0
  pitch: 0.0
timestamps:
  login: 1377641649619
  logout: 1377641972248
ipAddress: 109.215.156.15
logoutlocation:
  world: world
  x: 19.720191433479606
  y: 38.0
  z: -141.65239877963876
  yaw: 83.5402
  pitch: 36.538326
