lastlocation:
  world: world
  x: 9197.662261819432
  y: 63.0
  z: 9542.258755756651
  yaw: -177.90039
  pitch: 8.399991
timestamps:
  login: 1375692611986
  logout: 1375692685702
ipAddress: 78.116.33.27
logoutlocation:
  world: world
  x: 9184.534776715524
  y: 63.0
  z: 9542.699999988079
  yaw: -35.70008
  pitch: -8.700016
