lastlocation:
  world: world
  x: -644.5
  y: -1.3920000076293944
  z: -562.5
  yaw: 0.0
  pitch: 0.0
timestamps:
  login: 1378131693514
  logout: 1378131788800
ipAddress: 95.176.121.107
logoutlocation:
  world: world
  x: 43.97025519958254
  y: 63.0
  z: -127.39033729343771
  yaw: -54.403625
  pitch: 13.578846
money: '100.0'
