timestamps:
  login: 1375884315979
  logout: 1375884546446
ipAddress: 189.106.104.138
lastlocation:
  world: world
  x: 9208.04334098913
  y: 63.0
  z: 9553.665682969566
  yaw: -94.595215
  pitch: -32.478157
logoutlocation:
  world: world
  x: 9195.5
  y: 63.0
  z: 9563.5
  yaw: -137.28972
  pitch: 44.335278
