timestamps:
  login: 1377688133527
  logout: 1377688252058
ipAddress: 82.227.27.42
lastlocation:
  world: world
  x: 346.5
  y: -1.6860000133514401
  z: -239.5
  yaw: 0.0
  pitch: 0.0
logoutlocation:
  world: world
  x: 46.722987566983875
  y: 63.0
  z: -127.8339926426241
  yaw: -250.66055
  pitch: 35.24967
