timestamps:
  login: 1377628428994
  logout: 1377628489113
ipAddress: 109.16.2.56
lastlocation:
  world: world
  x: 757.5
  y: -1.6860000133514401
  z: -38.5
  yaw: 0.0
  pitch: 0.0
logoutlocation:
  world: world
  x: 56.7529001258571
  y: 57.0
  z: -148.98076957991313
  yaw: -166.21355
  pitch: 8.69996
