lastlocation:
  world: world
  x: 74.96725210673672
  y: 77.04027239889416
  z: -326.58283726752313
  yaw: 144.17334
  pitch: 21.425056
timestamps:
  login: 1378289244135
  logout: 1378232356318
  lastteleport: 1378289299113
  kits:
    guard: 1378033691072
ipAddress: 109.208.26.60
logoutlocation:
  world: world
  x: 104.69008123307778
  y: 68.0
  z: -307.29232445848544
  yaw: 357.37805
  pitch: 9.37597
afk: false
money: '34557.0'
