lastlocation:
  world: world
  x: 9194.5
  y: 63.0
  z: 9548.5
  yaw: -180.48059
  pitch: 4.462804
timestamps:
  login: 1375564141457
  logout: 1375564151050
ipAddress: 91.178.111.8
logoutlocation:
  world: world
  x: 9197.802467021958
  y: 63.0
  z: 9542.612603167876
  yaw: 174.45024
  pitch: 3.4499977
