timestamps:
  login: 1376070917095
  logout: 1376070991198
ipAddress: 82.245.191.243
lastlocation:
  world: world
  x: 9188.741633249132
  y: 63.0
  z: 9548.373615922957
  yaw: -194.82117
  pitch: 6.879721
logoutlocation:
  world: world
  x: 9195.511490505347
  y: 63.0
  z: 9563.427191559073
  yaw: -132.5377
  pitch: 51.909447
