timestamps:
  login: 1375809413628
  logout: 1375809514356
ipAddress: 37.105.127.118
lastlocation:
  world: world
  x: 9202.831783579204
  y: 63.0
  z: 9554.849493087379
  yaw: -247.72365
  pitch: 14.09038
logoutlocation:
  world: world
  x: 9195.300000011921
  y: 63.0
  z: 9563.699999988079
  yaw: -11.130466
  pitch: 3.400803
