timestamps:
  login: 1377602059763
  logout: 1377602182816
ipAddress: 95.172.183.117
logoutlocation:
  world: world
  x: 111.30000001192093
  y: 43.0
  z: -135.51153466287943
  yaw: 1.647595
  pitch: 59.84999
lastlocation:
  world: world
  x: -123.5
  y: -1.6860000133514401
  z: -398.5
  yaw: -0.9
  pitch: 0.0
money: '88.0'
