timestamps:
  login: 1377788523844
  logout: 1377788599774
  jail: 0
ipAddress: 95.176.111.4
lastlocation:
  world: world
  x: 53.30000001192093
  y: 63.0
  z: -115.30000001192093
  yaw: -33.299843
  pitch: 7.050011
logoutlocation:
  world: world
  x: 116.53256862604091
  y: 49.0
  z: -132.69999998807907
  yaw: -176.5597
  pitch: 8.100004
jailed: false
money: '3850.0'
