lastlocation:
  world: world
  x: 9197.137947494137
  y: 63.0
  z: 9543.156746267818
  yaw: -167.57251
  pitch: 4.2387667
timestamps:
  login: 1375629956949
  logout: 1375629966964
ipAddress: 2.12.139.58
logoutlocation:
  world: world
  x: 9197.5
  y: 63.0
  z: 9543.5
  yaw: 0.0
  pitch: 0.0
