lastlocation:
  world: world
  x: 9202.502312497572
  y: 63.0
  z: 9558.206524277039
  yaw: 21.042763
  pitch: 4.003183
timestamps:
  login: 1376494647246
  logout: 1376494666372
ipAddress: 109.217.23.22
logoutlocation:
  world: world
  x: 9195.999173050383
  y: 63.0
  z: 9563.699999988079
  yaw: -205.03206
  pitch: 47.68247
