timestamps:
  login: 1377890064208
  logout: 1377890077891
  lastteleport: 1377786414393
ipAddress: 84.7.55.18
lastlocation:
  world: world
  x: 81.29789719566145
  y: 76.0
  z: -313.55786325448844
  yaw: 88.15223
  pitch: -7.16026
logoutlocation:
  world: world
  x: 46.99144139568711
  y: 68.0
  z: -348.8476864353694
  yaw: 197.43495
  pitch: -9.87224
homes:
  un:
    world: world
    x: 67.49088706998423
    y: 76.0
    z: -322.6253841873287
    yaw: 221.36621
    pitch: -6.9163036
