timestamps:
  login: 1375717005300
  logout: 1375717099157
ipAddress: 201.95.40.67
lastlocation:
  world: world
  x: 9191.801745320867
  y: 63.0
  z: 9551.236748956435
  yaw: -147.52335
  pitch: 12.290391
logoutlocation:
  world: world
  x: 9196.5
  y: 63.0
  z: 9563.5
  yaw: -171.48055
  pitch: 53.800785
