timestamps:
  login: 1376612800621
  logout: 1376612803091
ipAddress: 187.103.217.35
lastlocation:
  world: world
  x: 9174.5
  y: -1.6860000133514401
  z: 8632.5
  yaw: 38.85
  pitch: -35.55
logoutlocation:
  world: world
  x: 9195.5
  y: 63.0
  z: 9563.5
  yaw: -183.33041
  pitch: 21.850798
