lastlocation:
  world: world
  x: 9192.980574086412
  y: 63.0
  z: 9543.439813628553
  yaw: 170.70007
  pitch: 3.750011
timestamps:
  login: 1375631276288
  logout: 1375631322596
ipAddress: 86.202.13.170
logoutlocation:
  world: world
  x: 9192.5
  y: 63.0
  z: 9543.5
  yaw: 0.0
  pitch: 0.0
