timestamps:
  login: 1375559745361
  logout: 1375559760752
ipAddress: 77.199.232.81
lastlocation:
  world: world
  x: 9041.5
  y: -1.6860000133514401
  z: 10420.5
  yaw: 0.0
  pitch: 0.0
logoutlocation:
  world: world
  x: 9195.978740741946
  y: 63.0
  z: 9549.561749355293
  yaw: 64.76968
  pitch: 66.149994
