timestamps:
  login: 1377039670257
ipAddress: 90.7.192.126
lastlocation:
  world: world
  x: 838.5
  y: -1.6860000133514401
  z: -946.5
  yaw: 0.0
  pitch: -0.28951633
money: '100.0'
