timestamps:
  login: 1375824929040
  logout: 1375824986084
ipAddress: 88.169.69.85
lastlocation:
  world: world
  x: 9255.420967584003
  y: 64.0
  z: 9183.173694765306
  yaw: 349.78012
  pitch: 45.631683
logoutlocation:
  world: world
  x: 9196.228058105493
  y: 63.0
  z: 9563.60829044914
  yaw: -220.32489
  pitch: 49.68957
