timestamps:
  login: 1376847495688
  logout: 1376847525187
ipAddress: 109.128.206.171
lastlocation:
  world: world
  x: 9194.0
  y: 63.0
  z: 9554.0
  yaw: -182.32364
  pitch: 11.990382
logoutlocation:
  world: world
  x: 9195.563227086068
  y: 63.0
  z: 9563.260653872538
  yaw: -112.261734
  pitch: 56.768116
