timestamps:
  login: 1376502010382
  logout: 1376502036536
ipAddress: 82.242.50.245
lastlocation:
  world: world
  x: 9195.643538700273
  y: 63.0
  z: 9563.484069397673
  yaw: -187.4236
  pitch: 9.89037
logoutlocation:
  world: world
  x: 9195.5
  y: 63.0
  z: 9563.5
  yaw: -174.72906
  pitch: 48.543777
