timestamps:
  login: 1378052157509
  logout: 1378052238127
ipAddress: 93.8.106.26
lastlocation:
  world: world
  x: 44.52548287103192
  y: 57.0
  z: -169.4530375760737
  yaw: 180.81932
  pitch: 30.058527
logoutlocation:
  world: world
  x: 74.42082940697466
  y: 70.0
  z: -263.0601743108133
  yaw: -178.94547
  pitch: -5.5499997
