timestamps:
  login: 1378229828895
  logout: 1375744908875
ipAddress: 195.36.184.251
lastlocation:
  world: world
  x: -272.5
  y: -1.6860000133514401
  z: 492.5
  yaw: 0.0
  pitch: 0.0
logoutlocation:
  world: world
  x: 9195.619855629608
  y: 63.0
  z: 9563.699999988079
  yaw: -182.21405
  pitch: 48.579483
