timestamps:
  login: 1377692544081
  logout: 1377692660837
  jail: 0
ipAddress: 88.188.125.170
lastlocation:
  world: world
  x: 50.66766988777811
  y: 63.0
  z: -128.0445798860478
  yaw: -44.699463
  pitch: 19.51679
logoutlocation:
  world: world
  x: 86.59525207432749
  y: 53.0
  z: -128.74535063350567
  yaw: 62.090958
  pitch: 18.90002
jailed: false
