lastlocation:
  world: world
  x: 9194.0
  y: 63.0
  z: 9554.0
  yaw: -182.32364
  pitch: 11.990382
timestamps:
  login: 1375874272499
  logout: 1375874280483
ipAddress: 81.250.127.73
logoutlocation:
  world: world
  x: 9195.420813123976
  y: 63.0
  z: 9563.699999988079
  yaw: -271.98047
  pitch: 27.60003
