timestamps:
  login: 1376643444653
  logout: 1376643445267
ipAddress: 62.241.107.59
lastlocation:
  world: world
  x: 8871.5
  y: -1.0
  z: 8694.5
  yaw: 0.0
  pitch: 0.0
logoutlocation:
  world: world
  x: 9195.499859066724
  y: 63.0
  z: 9563.480400506407
  yaw: -180.41371
  pitch: 17.43407
