lastlocation:
  world: world
  x: 9194.5
  y: 63.0
  z: 9548.5
  yaw: -180.48059
  pitch: 4.462804
timestamps:
  login: 1375563399511
  logout: 1375563517856
ipAddress: 78.227.125.103
logoutlocation:
  world: world
  x: 9197.581616434221
  y: 63.0
  z: 9541.996121153992
  yaw: -180.71542
  pitch: 9.148619
