timestamps:
  login: 1375630594751
  logout: 1375630613566
ipAddress: 177.205.158.79
lastlocation:
  world: world
  x: 9198.16366355076
  y: 63.0
  z: 9543.119926846633
  yaw: -195.25229
  pitch: 1.1401594
logoutlocation:
  world: world
  x: 9198.5
  y: 63.0
  z: 9543.5
  yaw: 0.0
  pitch: 0.0
