timestamps:
  login: 1377736563156
  logout: 1377736613482
ipAddress: 200.180.185.190
lastlocation:
  world: world
  x: 135.5
  y: -1.6860000133514401
  z: -551.5
  yaw: -55.949993
  pitch: -11.85001
logoutlocation:
  world: world
  x: 43.5
  y: 52.0
  z: -111.5
  yaw: 8.08972
  pitch: 15.149999
