timestamps:
  login: 1378130596420
  logout: 1378130908174
ipAddress: 84.7.170.115
lastlocation:
  world: world
  x: -262.5
  y: -1.6860000133514401
  z: 579.5
  yaw: 0.0
  pitch: 0.0
logoutlocation:
  world: world
  x: 74.70569547282908
  y: 76.0
  z: -315.5480383364769
  yaw: -300.4944
  pitch: 44.09378
