timestamps:
  login: 1376933966926
  logout: 1376934056785
ipAddress: 90.47.146.47
lastlocation:
  world: world
  x: 9196.233437451627
  y: 63.0
  z: 9551.723270291428
  yaw: -51.37384
  pitch: 2.8500006
logoutlocation:
  world: world
  x: 9195.666402420049
  y: 63.0
  z: 9563.699999988079
  yaw: -171.1804
  pitch: 28.750795
