timestamps:
  login: 1376468745812
  logout: 1376468752019
ipAddress: 88.184.146.13
lastlocation:
  world: world
  x: 9202.910278482781
  y: 63.0
  z: 9554.77472600834
  yaw: -310.64594
  pitch: 6.6005325
logoutlocation:
  world: world
  x: 9195.407300362367
  y: 63.0
  z: 9563.699999988079
  yaw: -179.76176
  pitch: 9.870617
