timestamps:
  login: 1377812535036
  logout: 1377813053677
  jail: 0
  kits:
    guard: 1377640465802
ipAddress: 86.192.35.84
lastlocation:
  world: world
  x: 71.1458346983853
  y: 76.0
  z: -262.45452731108617
  yaw: 57.559254
  pitch: 31.12533
logoutlocation:
  world: world
  x: 53.180269909579216
  y: 63.0
  z: -125.81493402726082
  yaw: 320.91406
  pitch: 42.900013
afk: false
jailed: false
money: '161668.0'
