logoutlocation:
  world: world
  x: 113.58435126790435
  y: 65.0
  z: -289.7937712516552
  yaw: -105.06241
  pitch: -1.8432039
timestamps:
  logout: 1416092682374
  login: 1416092685724
ipAddress: 127.0.0.1
