lastlocation:
  world: world
  x: 9199.356424968306
  y: 63.0
  z: 9548.804042694012
  yaw: 42.90624
  pitch: 24.63956
timestamps:
  login: 1375588300283
  logout: 1375588453509
ipAddress: 176.45.88.168
logoutlocation:
  world: world
  x: 9199.5
  y: 63.0
  z: 9548.5
  yaw: 0.0
  pitch: 0.0
