timestamps:
  login: 1378061894032
  logout: 1378061944713
  lastteleport: 1377985104797
ipAddress: 189.76.35.89
lastlocation:
  world: world
  x: 37.78996167898435
  y: 61.5
  z: -128.69150611587395
  yaw: 260.83917
  pitch: 31.799612
logoutlocation:
  world: world
  x: 85.94844937361324
  y: 76.0
  z: -311.6036079067741
  yaw: 70.17763
  pitch: -8.550003
money: '0.0'
