timestamps:
  login: 1377971889370
  lastteleport: 1377972072011
ipAddress: 2.14.8.95
lastlocation:
  world: world
  x: 71.70284366395708
  y: 76.0
  z: -315.2999875457084
  yaw: 68.34099
  pitch: 18.93811
money: '0.0'
