timestamps:
  login: 1377884015132
  logout: 1377884280219
ipAddress: 176.56.174.91
lastlocation:
  world: world
  x: 231.5
  y: -1.6860000133514401
  z: 666.5
  yaw: 258.75
  pitch: -4.8
logoutlocation:
  world: world
  x: 47.2237729787741
  y: 63.0
  z: -127.57281990323061
  yaw: -240.91019
  pitch: 25.800018
