timestamps:
  login: 1376494378273
  logout: 1376494658828
ipAddress: 109.221.143.155
lastlocation:
  world: world
  x: 9353.172215425728
  y: 73.0
  z: 9529.62506139552
  yaw: 59.048637
  pitch: 5.4912415
logoutlocation:
  world: world
  x: 9195.300000011921
  y: 63.0
  z: 9563.588360842748
  yaw: 238.76952
  pitch: 65.650795
