timestamps:
  login: 1376609906952
  logout: 1376609926257
ipAddress: 189.123.27.99
lastlocation:
  world: world
  x: 9196.313029192605
  y: 63.0
  z: 9555.413394895291
  yaw: -359.0236
  pitch: 6.290343
logoutlocation:
  world: world
  x: 9195.5
  y: 63.0
  z: 9563.5
  yaw: -170.43048
  pitch: 6.8507934
