lastlocation:
  world: world
  x: 9192.649136324995
  y: 63.0
  z: 9543.172458469802
  yaw: 177.88574
  pitch: 5.4092855
timestamps:
  login: 1375583144238
  logout: 1375583225192
ipAddress: 200.96.84.73
logoutlocation:
  world: world
  x: 9192.5
  y: 63.0
  z: 9543.5
  yaw: 0.0
  pitch: 0.0
