timestamps:
  login: 1375792274128
  logout: 1375792398763
ipAddress: 89.82.251.107
lastlocation:
  world: world
  x: 9334.5
  y: -1.0
  z: 9193.5
  yaw: 0.0
  pitch: 0.0
logoutlocation:
  world: world
  x: 9195.300000011921
  y: 63.0
  z: 9563.684516459094
  yaw: -166.79102
  pitch: -4.5482726
