timestamps:
  login: 1376499066995
  logout: 1376499127362
ipAddress: 187.101.236.116
lastlocation:
  world: world
  x: 9198.148360175852
  y: 63.0
  z: 9556.098820045763
  yaw: -6.073525
  pitch: 3.1403792
logoutlocation:
  world: world
  x: 9196.5
  y: 63.0
  z: 9563.5
  yaw: 185.2196
  pitch: 53.099987
