timestamps:
  login: 1375637812392
  logout: 1375637862821
ipAddress: 187.34.148.150
lastlocation:
  world: world
  x: 9197.497701137087
  y: 63.0
  z: 9543.266507474926
  yaw: 177.90002
  pitch: 4.9500113
logoutlocation:
  world: world
  x: 9197.5
  y: 63.0
  z: 9543.5
  yaw: 0.0
  pitch: 0.0
