timestamps:
  login: 1377003501380
  logout: 1377003565645
ipAddress: 2.8.111.117
lastlocation:
  world: world
  x: 9195.38689032713
  y: 63.41999998688698
  z: 9563.357064269196
  yaw: -232.42383
  pitch: 63.140392
logoutlocation:
  world: world
  x: 9195.621830082844
  y: 63.0
  z: 9563.183502305692
  yaw: -185.73038
  pitch: 68.65071
