timestamps:
  login: 1377810349738
  logout: 1377810903795
ipAddress: 94.109.60.48
lastlocation:
  world: world
  x: -356.5
  y: -1.6860000133514401
  z: -730.5
  yaw: 15.15
  pitch: 67.65
logoutlocation:
  world: world
  x: 50.00487989659698
  y: 57.0
  z: -144.98065983243922
  yaw: -100.96155
  pitch: -36.15003
