timestamps:
  login: 1378293475936
  logout: 1378293536444
ipAddress: 31.39.239.58
lastlocation:
  world: world
  x: -335.5
  y: -1.6860000133514401
  z: -1304.5
  yaw: 151.7568
  pitch: 35.6352
logoutlocation:
  world: world
  x: 98.65615251084907
  y: 65.0
  z: -280.12391629984853
  yaw: 210.76236
  pitch: 26.12161
