timestamps:
  login: 1376853761460
  logout: 1376853829261
ipAddress: 92.131.181.178
lastlocation:
  world: world
  x: 9195.633438995023
  y: 63.0
  z: 9563.38550402725
  yaw: -176.92334
  pitch: 12.890425
logoutlocation:
  world: world
  x: 9195.91393289437
  y: 63.0
  z: 9563.699999988079
  yaw: 200.06946
  pitch: 48.850822
