timestamps:
  login: 1377810381249
  logout: 1377810963863
ipAddress: 81.164.100.252
lastlocation:
  world: world
  x: -512.5
  y: -1.6860000133514401
  z: 234.9485637545206
  yaw: -6.9842353
  pitch: 66.93885
logoutlocation:
  world: world
  x: 47.534197387644255
  y: 57.0
  z: -147.05271150592665
  yaw: 208.0836
  pitch: 21.047386
