lastlocation:
  world: world
  x: 9197.379526214689
  y: 63.0
  z: 9544.073802038192
  yaw: 185.24998
  pitch: 4.4999995
timestamps:
  login: 1375641699771
  logout: 1375641707025
ipAddress: 93.14.250.192
logoutlocation:
  world: world
  x: 9197.5
  y: 63.0
  z: 9544.5
  yaw: 0.0
  pitch: 0.0
