timestamps:
  login: 1378114396066
  logout: 1378114486642
  mute: 0
  lastteleport: 1377972007494
ipAddress: 90.5.99.166
lastlocation:
  world: world
  x: 74.11666556766296
  y: 67.0
  z: -370.07364039897277
  yaw: 18.39902
  pitch: 28.650005
logoutlocation:
  world: world
  x: 71.27449231396521
  y: 76.0
  z: -321.7725450280583
  yaw: -12.772095
  pitch: 10.799855
afk: false
muted: false
money: '238106.0'
