timestamps:
  login: 1377689724579
  logout: 1377690884617
ipAddress: 79.93.236.69
lastlocation:
  world: world
  x: 29.450073197398034
  y: 9.0
  z: -146.440217146649
  yaw: -106.96063
  pitch: -90.0
logoutlocation:
  world: world
  x: 47.037593267303485
  y: 63.0
  z: -127.68353629955003
  yaw: -246.01035
  pitch: 28.64955
