timestamps:
  login: 1377953512025
  logout: 1377953569255
  jail: 0
  lastteleport: 1377953106095
ipAddress: 84.6.182.150
lastlocation:
  world: world
  x: 45.805554972459866
  y: 63.0
  z: -131.21443162525082
  yaw: -346.40887
  pitch: 16.050009
logoutlocation:
  world: world
  x: 73.05025937429942
  y: 76.0
  z: -312.28760935817206
  yaw: 155.37764
  pitch: 29.4
jailed: false
afk: false
money: '360.0'
