timestamps:
  login: 1376078550117
  logout: 1376078573714
ipAddress: 188.48.17.4
lastlocation:
  world: world
  x: 9243.5
  y: -1.0
  z: 8828.5
  yaw: 0.0
  pitch: 0.0
logoutlocation:
  world: world
  x: 9195.300000011921
  y: 63.0
  z: 9563.699999988079
  yaw: -174.8868
  pitch: 10.950364
