lastlocation:
  world: world
  x: 9193.261882589872
  y: 63.0
  z: 9553.572206963545
  yaw: -202.53035
  pitch: 13.312715
timestamps:
  login: 1375609752395
  logout: 1375609815069
ipAddress: 88.209.108.51
logoutlocation:
  world: world
  x: 9193.5
  y: 63.0
  z: 9553.5
  yaw: 0.0
  pitch: 0.0
