timestamps:
  login: 1376330307880
  logout: 1376330345688
ipAddress: 201.78.26.20
lastlocation:
  world: world
  x: 9194.52811694877
  y: 63.0
  z: 9554.492545957619
  yaw: -355.42355
  pitch: 17.39038
logoutlocation:
  world: world
  x: 9196.018751767262
  y: 63.0
  z: 9563.699999988079
  yaw: -199.68045
  pitch: 35.950794
