timestamps:
  login: 1375902345282
  logout: 1375902359992
ipAddress: 189.73.27.195
lastlocation:
  world: world
  x: 9187.071804738245
  y: 63.0
  z: 9559.077914102929
  yaw: -210.55817
  pitch: 8.835684
logoutlocation:
  world: world
  x: 9195.5
  y: 63.0
  z: 9563.5
  yaw: -194.36115
  pitch: 20.28116
