timestamps:
  login: 1376901675799
  logout: 1376901677754
ipAddress: 88.140.110.8
lastlocation:
  world: world
  x: 8720.5
  y: -1.0
  z: 10312.5
  yaw: 0.0
  pitch: 0.0
logoutlocation:
  world: world
  x: 9195.5
  y: 64.0
  z: 9563.5
  yaw: -181.53732
  pitch: 21.041348
