timestamps:
  login: 1377286977227
  logout: 1377287038424
  jail: 1377287108037
ipAddress: 5.245.47.6
lastlocation:
  world: world
  x: 53.069606817040125
  y: 63.0
  z: -121.00742705483373
  yaw: 134.25049
  pitch: 26.716784
logoutlocation:
  world: world
  x: 53.53298723814814
  y: 63.0
  z: -121.69999998807907
  yaw: 47.100475
  pitch: 2.4167879
jailed: true
jail: '1'
money: '0.0'
