timestamps:
  login: 1378053416014
  logout: 1378053432092
ipAddress: 31.33.180.163
lastlocation:
  world: world
  x: 872.5
  y: -1.6860000133514401
  z: -1251.5
  yaw: 6.15
  pitch: -7.8000016
logoutlocation:
  world: world
  x: 72.54710479946588
  y: 76.0
  z: -315.48538521281444
  yaw: -89.722404
  pitch: 14.775586
