timestamps:
  login: 1378137621359
  logout: 1378137853746
ipAddress: 92.161.148.71
lastlocation:
  world: world
  x: -644.5
  y: -1.6860000133514401
  z: 551.5
  yaw: 0.0
  pitch: 0.0
logoutlocation:
  world: world
  x: 75.07604161224346
  y: 76.0
  z: -316.53805984044044
  yaw: -202.67143
  pitch: 17.325573
