timestamps:
  login: 1367867702533
  lastteleport: 1367867755782
  logout: 1367866765130
ipAddress: 62.30.170.247
lastlocation:
  world: World
  x: -810.0534834895857
  y: 99.26038095465229
  z: -193.03954686338844
  yaw: 295.42407
  pitch: 16.925472
logoutlocation:
  world: World
  x: -309.51011425684703
  y: 84.26615046378835
  z: -104.23229795919096
  yaw: 30.36261
  pitch: 39.395363
