timestamps:
  login: 1377301830026
  logout: 1377301913679
ipAddress: 201.26.10.1
lastlocation:
  world: world
  x: 287.5
  y: -1.0
  z: -826.5
  yaw: 0.0
  pitch: 0.0
logoutlocation:
  world: world
  x: 42.758034975829744
  y: 57.0
  z: -141.34473008768225
  yaw: 164.6042
  pitch: 4.4163504
money: '100.0'
