timestamps:
  login: 1375882307192
  logout: 1375882320219
ipAddress: 88.174.171.59
lastlocation:
  world: world
  x: 8900.5
  y: -1.6860000133514401
  z: 10287.5
  yaw: -77.1
  pitch: 71.85
logoutlocation:
  world: world
  x: 9195.5
  y: 63.0
  z: 9563.5
  yaw: -175.83034
  pitch: 4.4508
