timestamps:
  login: 1378116542262
  logout: 1378116557374
ipAddress: 109.215.123.212
lastlocation:
  world: world
  x: -914.5052863273278
  y: -1.6860000133514401
  z: -901.5055195104826
  yaw: -4.0991864
  pitch: -38.49284
logoutlocation:
  world: world
  x: 73.92227489744671
  y: 76.0
  z: -314.8842428542532
  yaw: 99.357086
  pitch: 40.17793
