timestamps:
  login: 1378114396056
  logout: 1378114596807
ipAddress: 109.18.98.90
lastlocation:
  world: world
  x: 586.5
  y: -1.6860000133514401
  z: -141.5
  yaw: 27.668
  pitch: 16.528934
logoutlocation:
  world: world
  x: 66.2335547153857
  y: 76.0
  z: -321.46285378205465
  yaw: -56.351715
  pitch: -18.156727
