timestamps:
  login: 1377716399079
  logout: 1377716404734
ipAddress: 95.121.234.99
lastlocation:
  world: world
  x: 129.5
  y: -1.0
  z: 347.5
  yaw: 0.0
  pitch: 0.0
logoutlocation:
  world: world
  x: 45.5
  y: 63.0
  z: -128.5
  yaw: 117.05582
  pitch: 13.4345455
