timestamps:
  login: 1376082730030
  logout: 1376082756981
ipAddress: 86.213.153.213
lastlocation:
  world: world
  x: 8433.5
  y: -1.0
  z: 9417.5
  yaw: 0.0
  pitch: 0.0
logoutlocation:
  world: world
  x: 9195.300000011921
  y: 63.0
  z: 9563.699999988079
  yaw: -168.03052
  pitch: -1.5491925
