timestamps:
  login: 1377610409491
  logout: 1377610608044
ipAddress: 109.10.76.208
lastlocation:
  world: world
  x: 998.5
  y: -1.6860000133514401
  z: -328.5
  yaw: -130.80002
  pitch: -26.400002
logoutlocation:
  world: world
  x: 72.18884430634779
  y: 52.0
  z: -102.09637989908857
  yaw: -265.05957
  pitch: 33.449963
