timestamps:
  login: 1375990864975
  logout: 1375991031869
ipAddress: 201.25.54.7
lastlocation:
  world: world
  x: 9195.300690640555
  y: 63.0
  z: 9563.699999988079
  yaw: 194.02652
  pitch: -0.7596338
logoutlocation:
  world: world
  x: 9196.5
  y: 63.0
  z: 9563.5
  yaw: -145.83043
  pitch: 28.600801
