timestamps:
  login: 1375798945239
  logout: 1375798981918
ipAddress: 93.21.158.243
lastlocation:
  world: world
  x: 9196.49221615051
  y: 63.0
  z: 9563.377137733247
  yaw: -227.77412
  pitch: 4.200036
logoutlocation:
  world: world
  x: 9195.376980716746
  y: 63.0
  z: 9563.104418987563
  yaw: -122.12991
  pitch: 50.849987
