lastlocation:
  world: world
  x: 9192.5
  y: 63.0
  z: 9543.506734613102
  yaw: -165.60013
  pitch: 8.699975
timestamps:
  login: 1375645907398
  logout: 1375645946283
ipAddress: 177.4.254.184
logoutlocation:
  world: world
  x: 9192.5
  y: 63.0
  z: 9543.5
  yaw: 0.0
  pitch: 0.0
