timestamps:
  login: 1376349027784
  logout: 1376349176983
ipAddress: 83.79.152.6
lastlocation:
  world: world
  x: 9197.582325840664
  y: 63.0
  z: 9556.924838821538
  yaw: -13.423611
  pitch: 10.640372
logoutlocation:
  world: world
  x: 9195.795442345736
  y: 63.0
  z: 9563.699999988079
  yaw: -81.78048
  pitch: 9.850785
