timestamps:
  login: 1378227404912
ipAddress: 77.56.108.32
lastlocation:
  world: world
  x: 816.5
  y: -1.6860000133514401
  z: 607.5
  yaw: -11.026771
  pitch: 4.111677
