timestamps:
  login: 1378147856749
  logout: 1378147864429
  lastteleport: 1377962293108
  jail: 0
ipAddress: 109.28.233.150
lastlocation:
  world: world
  x: 71.97434699774124
  y: 67.0
  z: -373.45806229187616
  yaw: -20.27829
  pitch: 35.99095
logoutlocation:
  world: world
  x: 69.44122896536624
  y: 67.0
  z: -367.46009375143194
  yaw: -3.4017391
  pitch: 68.00159
afk: false
money: '1100184782.0'
jailed: false
homes:
  home:
    world: world
    x: 64.2818590103786
    y: 76.0
    z: -308.88531815517837
    yaw: -297.5327
    pitch: 18.91512
