timestamps:
  login: 1378104859640
  logout: 1378104947046
ipAddress: 85.68.197.138
lastlocation:
  world: world
  x: 1010.5
  y: -1.6860000133514401
  z: -561.5
  yaw: 132.6
  pitch: -2.4
logoutlocation:
  world: world
  x: 71.58505568900412
  y: 76.0
  z: -315.5889255973796
  yaw: 48.278015
  pitch: -9.299986
money: '26875.0'
