lastlocation:
  world: world
  x: 9197.629465892052
  y: 63.0
  z: 9544.82828464939
  yaw: 175.65005
  pitch: 3.0000036
timestamps:
  login: 1375565149426
  logout: 1375565171961
ipAddress: 90.63.2.218
logoutlocation:
  world: world
  x: 9197.5
  y: 63.0
  z: 9544.5
  yaw: 0.0
  pitch: 0.0
