timestamps:
  login: 1376871136524
  logout: 1376871183042
ipAddress: 46.44.97.2
lastlocation:
  world: world
  x: 9195.356437633736
  y: 63.0
  z: 9563.699999988079
  yaw: -181.42378
  pitch: 9.140379
logoutlocation:
  world: world
  x: 9195.90655441024
  y: 63.0
  z: 9563.699999988079
  yaw: -202.358
  pitch: 51.869267
