timestamps:
  login: 1377286696957
  logout: 1377286932508
  jail: 1377287233641
ipAddress: 5.245.47.6
lastlocation:
  world: world
  x: 61.531347890384495
  y: 57.0
  z: -153.21255845934397
  yaw: 170.23912
  pitch: 24.149605
logoutlocation:
  world: world
  x: 53.5
  y: 63.0
  z: -121.5
  yaw: 134.25049
  pitch: 26.716784
jailed: true
jail: '1'
money: '0.0'
