timestamps:
  login: 1376730752319
  logout: 1376730844461
ipAddress: 90.15.228.170
lastlocation:
  world: world
  x: 9196.926559415191
  y: 63.0
  z: 9556.363599556325
  yaw: 346.51587
  pitch: 28.961859
logoutlocation:
  world: world
  x: 9195.5
  y: 63.0
  z: 9563.5
  yaw: -172.82661
  pitch: 51.443733
