timestamps:
  login: 1377698093118
  logout: 1377698279766
ipAddress: 84.102.107.107
lastlocation:
  world: world
  x: 858.5
  y: -1.0
  z: 345.5
  yaw: 0.0
  pitch: 0.0
logoutlocation:
  world: world
  x: 53.69999998807907
  y: 63.0
  z: -127.03088041860346
  yaw: 64.347565
  pitch: 2.5202692
