lastlocation:
  world: world
  x: 9183.300000011921
  y: 67.625328123962
  z: 9557.073808797459
  yaw: -155.50839
  pitch: 13.193892
timestamps:
  login: 1375604086924
  logout: 1375604357097
ipAddress: 82.233.243.72
logoutlocation:
  world: world
  x: 9183.5
  y: 67.0
  z: 9557.5
  yaw: 0.0
  pitch: 0.0
