timestamps:
  login: 1378288046818
  logout: 1378288120229
ipAddress: 82.230.236.27
lastlocation:
  world: world
  x: 894.5
  y: -1.6860000133514401
  z: 463.5
  yaw: 89.4
  pitch: -5.5499997
logoutlocation:
  world: world
  x: 102.98602903993606
  y: 68.0
  z: -310.4316133186817
  yaw: 173.07773
  pitch: 4.1256504
