timestamps:
  login: 1376339087337
  logout: 1376341423555
ipAddress: 88.170.93.56
lastlocation:
  world: world
  x: 9199.300000011921
  y: 66.0
  z: 9560.017931341185
  yaw: -193.57335
  pitch: 26.54033
logoutlocation:
  world: world
  x: 9196.033399240676
  y: 63.0
  z: 9563.699999988079
  yaw: -199.3801
  pitch: 49.600822
