timestamps:
  login: 1377783023805
  logout: 1377783613290
  jail: 0
ipAddress: 82.252.216.127
lastlocation:
  world: world
  x: 56.14362361906632
  y: 63.0
  z: -119.64634901828768
  yaw: 22.368212
  pitch: 5.6805453
logoutlocation:
  world: world
  x: 57.47885633266286
  y: 52.0
  z: -86.78985487590113
  yaw: 125.36618
  pitch: -5.6805573
jailed: false
