lastlocation:
  world: world
  x: 9197.5
  y: 63.0
  z: 9543.5
  yaw: 174.29999
  pitch: 5.2499924
timestamps:
  login: 1375634179485
  logout: 1375634336219
ipAddress: 31.38.23.42
logoutlocation:
  world: world
  x: 9197.5
  y: 63.0
  z: 9543.5
  yaw: 0.0
  pitch: 0.0
