timestamps:
  login: 1376643829270
  logout: 1376643850597
ipAddress: 87.67.29.60
lastlocation:
  world: world
  x: 9189.297023461564
  y: 63.0
  z: 9559.738400886792
  yaw: -157.27368
  pitch: 13.340387
logoutlocation:
  world: world
  x: 9196.348356228058
  y: 63.0
  z: 9563.613412425604
  yaw: -171.78046
  pitch: 55.450798
