timestamps:
  login: 1375898313862
  logout: 1375898353841
ipAddress: 90.148.88.110
lastlocation:
  world: world
  x: 9194.958958336503
  y: 63.0
  z: 9555.14022122518
  yaw: 42.07641
  pitch: 17.39038
logoutlocation:
  world: world
  x: 9195.5
  y: 63.0
  z: 9563.5
  yaw: -173.43044
  pitch: 57.100796
