lastlocation:
  world: world
  x: 9194.5
  y: 63.0
  z: 9548.5
  yaw: -180.48059
  pitch: 4.3128037
timestamps:
  login: 1375711697772
  logout: 1375711808798
ipAddress: 88.165.17.11
logoutlocation:
  world: world
  x: 9213.890820704983
  y: 63.0
  z: 9567.064260347577
  yaw: -221.24982
  pitch: -7.9500065
