timestamps:
  login: 1377003345735
  logout: 1377003396358
ipAddress: 77.204.83.194
lastlocation:
  world: world
  x: 9196.228344926141
  y: 63.0
  z: 9563.699999988079
  yaw: 149.02637
  pitch: 5.6904154
logoutlocation:
  world: world
  x: 9195.300000011921
  y: 63.0
  z: 9563.699999988079
  yaw: -166.98044
  pitch: 52.150795
