lastlocation:
  world: world
  x: 9197.15270734398
  y: 63.0
  z: 9544.612967170557
  yaw: 186.59981
  pitch: 2.0722852
timestamps:
  login: 1375628034335
  logout: 1375628044997
ipAddress: 93.5.102.209
logoutlocation:
  world: world
  x: 9197.5
  y: 63.0
  z: 9544.5
  yaw: 0.0
  pitch: 0.0
