timestamps:
  login: 1378116661562
  logout: 1378116981932
ipAddress: 195.36.184.251
lastlocation:
  world: world
  x: 350.5
  y: -1.6860000133514401
  z: -299.5
  yaw: 0.0
  pitch: 0.0
logoutlocation:
  world: world
  x: 95.97840807735834
  y: 66.0
  z: -289.0954568726431
  yaw: -128.48608
  pitch: 4.1679583
