lastlocation:
  world: world
  x: 9190.6745896145
  y: 63.0
  z: 9545.988550171993
  yaw: -207.36967
  pitch: 35.38206
timestamps:
  login: 1375632601632
  logout: 1375632642924
ipAddress: 93.31.89.33
logoutlocation:
  world: world
  x: 9190.5
  y: 63.0
  z: 9545.5
  yaw: 0.0
  pitch: 0.0
