timestamps:
  login: 1376429283772
  logout: 1376429336917
ipAddress: 177.133.204.136
lastlocation:
  world: world
  x: 9192.823445516882
  y: 63.0
  z: 9555.52458453474
  yaw: 234.37642
  pitch: 59.390373
logoutlocation:
  world: world
  x: 9195.5
  y: 63.0
  z: 9563.5
  yaw: -163.68044
  pitch: 58.900814
