timestamps:
  login: 1377302850462
  logout: 1377302908851
ipAddress: 189.10.158.65
lastlocation:
  world: world
  x: -931.5
  y: -1.5880000114440915
  z: -66.5
  yaw: 12.749999
  pitch: 4.9500003
logoutlocation:
  world: world
  x: 29.5309102283808
  y: 1.0
  z: -146.30826555178325
  yaw: 106.78967
  pitch: -87.45
money: '100.0'
