timestamps:
  login: 1376644072662
  logout: 1376644080017
ipAddress: 82.238.30.149
lastlocation:
  world: world
  x: 9869.5
  y: -1.6860000133514401
  z: 9104.5
  yaw: 0.0
  pitch: 0.0
logoutlocation:
  world: world
  x: 9196.699999988079
  y: 63.0
  z: 9563.50060085006
  yaw: -211.2306
  pitch: 5.3507876
