lastlocation:
  world: world
  x: 9192.471581233658
  y: 63.0
  z: 9543.03903786883
  yaw: -175.83057
  pitch: 4.762797
timestamps:
  login: 1375609522852
  logout: 1375609573307
ipAddress: 82.243.93.193
logoutlocation:
  world: world
  x: 9192.5
  y: 63.0
  z: 9543.5
  yaw: 0.0
  pitch: 0.0
