timestamps:
  login: 1377852371752
  logout: 1377850126685
ipAddress: 2.13.84.159
lastlocation:
  world: world
  x: 891.5
  y: -1.6860000133514401
  z: 74.5
  yaw: 0.0
  pitch: 0.0
logoutlocation:
  world: world
  x: 19.557164724056797
  y: 52.0
  z: -135.9053074371775
  yaw: 270.44073
  pitch: 26.699404
