timestamps:
  login: 1376468877131
  logout: 1376468921060
ipAddress: 92.129.194.22
lastlocation:
  world: world
  x: 9195.88221594122
  y: 63.0
  z: 9556.83531857482
  yaw: 46.72637
  pitch: 2.2403815
logoutlocation:
  world: world
  x: 9195.300000011921
  y: 63.0
  z: 9563.699999988079
  yaw: 172.51038
  pitch: 0.5999566
