timestamps:
  login: 1376332856901
  logout: 1376332860673
ipAddress: 92.142.159.155
lastlocation:
  world: world
  x: 9196.750432848527
  y: 63.0
  z: 9553.658497307464
  yaw: -332.65002
  pitch: 10.382984
logoutlocation:
  world: world
  x: 9195.300000011921
  y: 63.0
  z: 9563.699999988079
  yaw: -173.00455
  pitch: 0.8513396
