timestamps:
  login: 1377721018704
  logout: 1377721114920
ipAddress: 90.56.187.145
lastlocation:
  world: world
  x: 778.5
  y: -1.6860000133514401
  z: -510.5
  yaw: -31.118906
  pitch: 33.424004
logoutlocation:
  world: world
  x: 61.829463924180075
  y: 53.0
  z: -129.5039445948787
  yaw: -21.23971
  pitch: 57.15745
