lastlocation:
  world: world
  x: 280.5
  y: -1.6860000133514401
  z: -993.5
  yaw: 0.0
  pitch: 0.0
timestamps:
  login: 1377812323650
  logout: 1377812985835
ipAddress: 88.169.110.47
logoutlocation:
  world: world
  x: 32.26275339407786
  y: 52.0
  z: -92.30000001192093
  yaw: -70.05807
  pitch: -3.8999925
