timestamps:
  login: 1377796712662
  jail: 0
  logout: 1377797651230
ipAddress: 86.214.31.188
lastlocation:
  world: world
  x: 53.49274802239056
  y: 63.0
  z: -120.18261279076368
  yaw: -217.60085
  pitch: 0.5002184
jailed: false
logoutlocation:
  world: world
  x: 46.221249773455824
  y: 63.0
  z: -128.83762590051185
  yaw: -291.40207
  pitch: 31.748735
