lastlocation:
  world: world
  x: 9194.5
  y: 63.0
  z: 9548.5
  yaw: -183.09236
  pitch: 8.94017
timestamps:
  login: 1375589015816
  logout: 1375589049117
ipAddress: 37.106.47.94
logoutlocation:
  world: world
  x: 9194.5
  y: 63.0
  z: 9548.5
  yaw: 0.0
  pitch: 0.0
