lastlocation:
  world: world
  x: 9188.43294832268
  y: 63.0
  z: 9556.456247916914
  yaw: -193.99738
  pitch: -20.572786
timestamps:
  login: 1375654899085
  logout: 1375655228349
ipAddress: 94.98.18.69
logoutlocation:
  world: world
  x: 9196.699999988079
  y: 63.0
  z: 9563.699999988079
  yaw: -222.25964
  pitch: 38.390415
