timestamps:
  login: 1378114396065
  logout: 1378114466547
  jail: 0
  lastteleport: 1378050945428
ipAddress: 82.253.227.223
lastlocation:
  world: world
  x: 50.26302597536886
  y: 63.0
  z: -130.6568950662047
  yaw: -270.4789
  pitch: 8.418115
logoutlocation:
  world: world
  x: 71.39749073562105
  y: 76.0
  z: -323.7934143159861
  yaw: 0.9506762
  pitch: -5.006308
jailed: false
ban:
  reason: 'Banni : Le marteau du bannissement a frappé !'
  timeout: 0
money: '556200.0'
