timestamps:
  login: 1377736551465
  logout: 1377736625985
ipAddress: 189.74.197.203
lastlocation:
  world: world
  x: -467.5
  y: -1.0
  z: -788.5
  yaw: 0.0
  pitch: 0.0
logoutlocation:
  world: world
  x: 61.35097919483154
  y: 53.0
  z: -130.69999998807907
  yaw: -198.46112
  pitch: 21.299988
