timestamps:
  login: 1376741882366
  logout: 1376741989237
ipAddress: 82.127.88.90
lastlocation:
  world: world
  x: 9191.71061705874
  y: 63.0
  z: 9556.009627771695
  yaw: -105.073586
  pitch: 30.150005
logoutlocation:
  world: world
  x: 9195.5
  y: 63.0
  z: 9563.5
  yaw: -184.98051
  pitch: 23.2008
