timestamps:
  login: 1378153367828
  logout: 1378153376811
ipAddress: 90.5.99.166
lastlocation:
  world: world
  x: 1013.5
  y: -1.6860000133514401
  z: 164.5
  yaw: -73.49999
  pitch: 67.2
logoutlocation:
  world: world
  x: 71.5
  y: 76.0
  z: -315.5
  yaw: -91.5224
  pitch: -2.7744126
