timestamps:
  login: 1375743763180
  logout: 1375743849817
ipAddress: 187.41.177.181
lastlocation:
  world: world
  x: 9348.989994796595
  y: 62.0
  z: 9530.699999988079
  yaw: -105.986046
  pitch: 30.94687
logoutlocation:
  world: world
  x: 9196.135483719736
  y: 63.0
  z: 9563.520475285128
  yaw: -205.98059
  pitch: 4.551931
