lastlocation:
  world: world
  x: 9196.877752489823
  y: 63.0
  z: 9543.334874133998
  yaw: -171.8889
  pitch: -0.85575485
timestamps:
  login: 1375606430098
  logout: 1375606456758
ipAddress: 92.149.227.62
logoutlocation:
  world: world
  x: 9196.5
  y: 63.0
  z: 9543.5
  yaw: 0.0
  pitch: 0.0
