lastlocation:
  world: world
  x: 9644.723920213593
  y: 88.0
  z: 9900.757442798786
  yaw: 147.94028
  pitch: -9.193215
timestamps:
  login: 1375727400909
  logout: 1375727547270
ipAddress: 78.239.228.188
logoutlocation:
  world: world
  x: 9195.300000011921
  y: 63.0
  z: 9563.697547825752
  yaw: 223.0197
  pitch: 31.300798
