timestamps:
  login: 1376496546249
  logout: 1376496640734
ipAddress: 187.3.233.64
lastlocation:
  world: world
  x: 9196.699999988079
  y: 63.0
  z: 9563.699999988079
  yaw: -227.32361
  pitch: 45.599983
logoutlocation:
  world: world
  x: 9195.5
  y: 63.0
  z: 9563.5
  yaw: 189.71957
  pitch: 54.0
