timestamps:
  login: 1377933660166
  logout: 1377933707358
ipAddress: 86.198.163.92
lastlocation:
  world: world
  x: 177.51450628472958
  y: -1.6860000133514401
  z: 840.748803358767
  yaw: 10.110754
  pitch: 12.572957
logoutlocation:
  world: world
  x: 61.84651796774691
  y: 57.0
  z: -154.7624999880791
  yaw: -225.0032
  pitch: 18.91041
