lastlocation:
  world: world
  x: -333.5
  y: -1.6860000133514401
  z: -220.5
  yaw: 0.0
  pitch: 0.0
timestamps:
  login: 1377847650572
  logout: 1377849208755
ipAddress: 88.162.161.38
logoutlocation:
  world: world
  x: 44.03538474120303
  y: 61.0
  z: -136.42212890108974
  yaw: -3.029541
  pitch: -15.299884
