timestamps:
  login: 1376998635197
  logout: 1376998710387
ipAddress: 82.216.82.75
lastlocation:
  world: world
  x: 9309.0
  y: 73.0
  z: 9671.0
  yaw: -157.39326
  pitch: 11.990404
logoutlocation:
  world: world
  x: 9195.5
  y: 63.0
  z: 9563.5
  yaw: -134.13039
  pitch: 47.099995
