timestamps:
  login: 1377789594467
  logout: 1377789948100
ipAddress: 2.13.205.86
lastlocation:
  world: world
  x: -193.5
  y: -1.0
  z: 105.5
  yaw: 0.0
  pitch: 0.0
logoutlocation:
  world: world
  x: 0.24562250884156597
  y: 46.2800000450015
  z: -105.30000001192093
  yaw: -337.65952
  pitch: -19.349953
