timestamps:
  login: 1378137794414
  logout: 1378138028962
  jail: 0
  kits:
    guard: 1377693657539
  lastteleport: 1378051491488
ipAddress: 62.35.145.159
lastlocation:
  world: world
  x: 45.4049542170017
  y: 63.0
  z: -133.27008263350712
  yaw: 235.3446
  pitch: 16.80005
logoutlocation:
  world: world
  x: 72.71714994877502
  y: 68.0
  z: -351.7537481301805
  yaw: 175.70166
  pitch: -28.5508
afk: false
jailed: false
money: '23987.0'
