timestamps:
  login: 1367867713171
  lastteleport: 1367868173444
  logout: 1367866765130
ipAddress: 68.7.138.114
lastlocation:
  world: World
  x: -234.9585904057238
  y: 97.0
  z: -0.8040931597355745
  yaw: -157.92218
  pitch: 7.8203015
logoutlocation:
  world: World
  x: -377.469582200662
  y: 82.53556099865384
  z: -21.4205338617135
  yaw: -121.46173
  pitch: 47.39992
