timestamps:
  login: 1376994171784
  logout: 1376994412762
ipAddress: 176.45.228.54
lastlocation:
  world: world
  x: 9196.721727579203
  y: 63.0
  z: 9551.116137504987
  yaw: -8.473572
  pitch: -2.1096122
logoutlocation:
  world: world
  x: 9195.5
  y: 63.0
  z: 9563.5
  yaw: -129.63046
  pitch: 50.050804
