timestamps:
  login: 1376517689480
  logout: 1376517790235
ipAddress: 189.35.98.139
lastlocation:
  world: world
  x: 9195.332280776292
  y: 63.0
  z: 9563.699999988079
  yaw: -175.57373
  pitch: 4.340357
logoutlocation:
  world: world
  x: 9195.34959713733
  y: 63.0
  z: 9563.699999988079
  yaw: -135.33041
  pitch: 44.050785
