timestamps:
  login: 1377999300187
  logout: 1377999353990
ipAddress: 75.152.5.98
lastlocation:
  world: world
  x: 510.5
  y: -1.6860000133514401
  z: -54.5
  yaw: 7.35
  pitch: -55.050007
logoutlocation:
  world: world
  x: 106.40645434498722
  y: 66.0
  z: -286.22440399725195
  yaw: 92.8156
  pitch: 7.541346
