timestamps:
  login: 1377794984126
  logout: 1377795149222
ipAddress: 78.200.156.33
lastlocation:
  world: world
  x: 118.5
  y: 58.0
  z: -111.5
  yaw: 0.0
  pitch: 0.0
logoutlocation:
  world: world
  x: 68.90521444475905
  y: 52.0
  z: -70.30000001192093
  yaw: -84.256195
  pitch: 15.75
afk: false
