timestamps:
  login: 1377918355066
  logout: 1377918395164
ipAddress: 177.195.41.72
lastlocation:
  world: world
  x: -44.5
  y: -1.0
  z: 99.5
  yaw: 0.0
  pitch: 0.0
logoutlocation:
  world: world
  x: 104.27048308909711
  y: 67.0
  z: -268.93094081098883
  yaw: -5.1223884
  pitch: 5.1755986
