timestamps:
  login: 1377294255069
  logout: 1377294346714
ipAddress: 93.15.170.236
lastlocation:
  world: world
  x: -513.5
  y: -1.0
  z: -1039.5
  yaw: 0.0
  pitch: 0.0
logoutlocation:
  world: world
  x: 45.5
  y: 63.0
  z: -128.5
  yaw: -41.110367
  pitch: 0.59959227
money: '100.0'
