timestamps:
  login: 1377784893808
  logout: 1377785157284
  jail: 0
  mute: 0
ipAddress: 82.252.216.127
lastlocation:
  world: world
  x: 11.125433515659461
  y: 70.0
  z: 98.03431489123908
  yaw: 313.9137
  pitch: 16.500011
logoutlocation:
  world: world
  x: 43.16722053222227
  y: 63.0
  z: -132.67615854073063
  yaw: 5.243347
  pitch: -21.599974
jailed: false
muted: false
ban:
  reason: 'Banni : Le marteau du bannissement a frappé !'
  timeout: 0
afk: false
