lastlocation:
  world: world
  x: 9194.5
  y: 63.0
  z: 9548.5
  yaw: -180.48059
  pitch: 4.3128037
timestamps:
  login: 1375563304600
  logout: 1375563343800
ipAddress: 201.95.170.102
logoutlocation:
  world: world
  x: 9192.338165389052
  y: 63.0
  z: 9543.414548854433
  yaw: 187.01944
  pitch: 2.2128053
