timestamps:
  login: 1376063146301
  logout: 1376063155280
ipAddress: 177.33.189.51
lastlocation:
  world: world
  x: 8680.5
  y: -1.6860000133514401
  z: 9526.5
  yaw: -0.15
  pitch: -0.45000002
logoutlocation:
  world: world
  x: 9195.300000011921
  y: 63.0
  z: 9563.460223022514
  yaw: -168.93047
  pitch: 1.3007925
