timestamps:
  login: 1375697831418
  logout: 1375697841252
ipAddress: 92.141.200.239
logoutlocation:
  world: world
  x: 88.66069989155307
  y: 64.0
  z: 247.91187607155223
  yaw: -95.25003
  pitch: 24.449995
