timestamps:
  login: 1375881216279
  logout: 1375881689706
ipAddress: 82.227.85.122
lastlocation:
  world: world
  x: 9194.0
  y: 63.0
  z: 9554.0
  yaw: -226.57364
  pitch: 11.990382
logoutlocation:
  world: world
  x: 9195.5
  y: 63.0
  z: 9563.5
  yaw: -101.58044
  pitch: 20.3508
