timestamps:
  login: 1376759525244
  logout: 1376759561760
ipAddress: 177.23.183.42
lastlocation:
  world: world
  x: 9196.369721119125
  y: 63.0
  z: 9554.099709600085
  yaw: -80.02365
  pitch: 26.090393
logoutlocation:
  world: world
  x: 9195.5
  y: 64.0
  z: 9563.5
  yaw: -180.48044
  pitch: 17.650799
