timestamps:
  login: 1375663693626
  logout: 1375663771376
ipAddress: 176.44.2.122
lastlocation:
  world: world
  x: 9192.376539422954
  y: 63.0
  z: 9561.105729976316
  yaw: 333.0366
  pitch: 27.224419
logoutlocation:
  world: world
  x: 9195.300000011921
  y: 63.0
  z: 9563.699999988079
  yaw: -165.33057
  pitch: -3.1499941
