timestamps:
  login: 1376707197627
  logout: 1376707204877
ipAddress: 177.140.237.223
lastlocation:
  world: world
  x: 8324.5
  y: -1.0
  z: 9973.5
  yaw: 0.0
  pitch: 0.0
logoutlocation:
  world: world
  x: 9195.5
  y: 63.0
  z: 9563.5
  yaw: -180.33052
  pitch: 5.6507993
