timestamps:
  login: 1377862439184
  logout: 1377862592253
ipAddress: 109.214.209.12
lastlocation:
  world: world
  x: 46.5
  y: -1.6860000133514401
  z: 724.5
  yaw: -41.7
  pitch: 9.750001
logoutlocation:
  world: world
  x: 94.30000001192093
  y: 53.0
  z: -147.40982021396167
  yaw: -264.5993
  pitch: 29.699955
