timestamps:
  login: 1376682038817
  logout: 1376682121503
ipAddress: 2.10.206.94
lastlocation:
  world: world
  x: 9199.728426453239
  y: 63.0
  z: 9555.366010241076
  yaw: -137.29248
  pitch: -89.3812
logoutlocation:
  world: world
  x: 9196.699999988079
  y: 63.0
  z: 9563.699999988079
  yaw: 55.676147
  pitch: 21.921669
