timestamps:
  login: 1376993005001
  logout: 1376994415336
ipAddress: 109.215.237.90
lastlocation:
  world: world
  x: 9189.932709841343
  y: 63.0
  z: 9546.083307286446
  yaw: -3.523468
  pitch: 14.540395
logoutlocation:
  world: world
  x: 9196.699999988079
  y: 63.0
  z: 9563.699999988079
  yaw: -186.74991
  pitch: -36.30006
