timestamps:
  login: 1377261101285
  logout: 1377262881781
ipAddress: 90.5.237.209
lastlocation:
  world: world
  x: 768.5
  y: -1.0
  z: 567.5
  yaw: 0.0
  pitch: 0.0
logoutlocation:
  world: world
  x: 43.48750138741243
  y: 63.0
  z: -134.66089797442467
  yaw: -163.02637
  pitch: 32.092808
money: '100.0'
