lastlocation:
  world: world
  x: 9194.5
  y: 63.0
  z: 9548.5
  yaw: -182.13058
  pitch: 7.3128037
timestamps:
  login: 1375624408499
  logout: 1375624467296
ipAddress: 88.136.69.92
logoutlocation:
  world: world
  x: 9194.5
  y: 63.0
  z: 9548.5
  yaw: 0.0
  pitch: 0.0
