lastlocation:
  world: world
  x: 9743.711672681178
  y: 112.0
  z: 9900.143956470072
  yaw: -265.4525
  pitch: -4.6176004
timestamps:
  login: 1375722082252
  logout: 1375725011528
ipAddress: 83.158.215.44
logoutlocation:
  world: world
  x: 9196.297735552702
  y: 63.0
  z: 9563.699999988079
  yaw: 72.03793
  pitch: 29.174398
