timestamps:
  login: 1378137577576
  logout: 1378137901300
  jail: 0
  mute: 0
  lastteleport: 1378027217410
ipAddress: 2.10.52.23
lastlocation:
  world: world
  x: 46.28051548657994
  y: 63.0
  z: -130.0222770585642
  yaw: 82.63782
  pitch: 41.699978
logoutlocation:
  world: world
  x: 67.20747573231992
  y: 76.875
  z: -315.5611567852486
  yaw: 306.43433
  pitch: 29.99997
money: '370559.0'
jailed: false
afk: false
muted: false
