timestamps:
  login: 1377696979914
  logout: 1377697875803
ipAddress: 109.13.167.41
lastlocation:
  world: world
  x: 239.5
  y: 64.0
  z: -96.5
  yaw: 0.0
  pitch: 0.0
logoutlocation:
  world: world
  x: 46.43145724107475
  y: 63.0
  z: -133.127112349991
  yaw: -42.199158
  pitch: -5.4073067
