lastlocation:
  world: world
  x: 120.5
  y: -1.0
  z: 95.5
  yaw: 0.0
  pitch: 0.0
timestamps:
  login: 1377779305044
  logout: 1377779370750
ipAddress: 88.181.152.224
logoutlocation:
  world: world
  x: 47.07761384192614
  y: 63.0
  z: -128.7599811139011
  yaw: 80.98959
  pitch: 22.800009
