lastlocation:
  world: world
  x: 71.20848580485743
  y: 76.0
  z: -317.35469844354054
  yaw: -18.777771
  pitch: 7.3901086
timestamps:
  login: 1378148255211
  logout: 1378148259511
  lastteleport: 1378144242349
ipAddress: 81.240.84.245
logoutlocation:
  world: world
  x: 71.5
  y: 76.0
  z: -315.5
  yaw: -283.57162
  pitch: 31.168009
money: '975.0'
