timestamps:
  login: 1377898284209
  logout: 1377898404641
ipAddress: 177.97.169.87
lastlocation:
  world: world
  x: 180.5
  y: -1.0
  z: 71.5
  yaw: 0.0
  pitch: 0.0
logoutlocation:
  world: world
  x: 97.9606189940071
  y: 68.0
  z: -317.5767860892766
  yaw: -276.17245
  pitch: -0.07439246
