timestamps:
  login: 1376702843223
  logout: 1376702891937
ipAddress: 177.134.140.201
lastlocation:
  world: world
  x: 9003.5
  y: -1.6860000133514401
  z: 10510.5
  yaw: 128.85
  pitch: 4.950001
logoutlocation:
  world: world
  x: 9196.5
  y: 63.0
  z: 9563.5
  yaw: -172.38045
  pitch: 59.950794
