lastlocation:
  world: world
  x: 9197.457644658141
  y: 63.0
  z: 9544.384211259807
  yaw: 180.53061
  pitch: 3.4408622
timestamps:
  login: 1375628583815
  logout: 1375628596766
ipAddress: 88.180.28.175
logoutlocation:
  world: world
  x: 9197.5
  y: 63.0
  z: 9544.5
  yaw: 0.0
  pitch: 0.0
