lastlocation:
  world: world
  x: 9187.618330791702
  y: 63.0
  z: 9551.12900248209
  yaw: -45.03707
  pitch: 13.682136
timestamps:
  login: 1375601296892
  logout: 1375601535479
ipAddress: 78.114.195.186
logoutlocation:
  world: world
  x: 9187.5
  y: 63.0
  z: 9551.5
  yaw: 0.0
  pitch: 0.0
