timestamps:
  login: 1377692710813
  jail: 0
  logout: 1377692746230
ipAddress: 5.48.97.144
lastlocation:
  world: world
  x: 57.12542488402739
  y: 63.231523797587016
  z: -113.0555090591772
  yaw: 139.35107
  pitch: 1.3667964
jailed: false
logoutlocation:
  world: world
  x: 45.36901231758928
  y: 63.0
  z: -128.79708720093222
  yaw: -28.05805
  pitch: 39.90002
