timestamps:
  login: 1378291031550
  logout: 1378291084938
ipAddress: 84.5.100.50
lastlocation:
  world: world
  x: 171.5
  y: 66.0
  z: -144.5
  yaw: 0.0
  pitch: 0.0
logoutlocation:
  world: world
  x: 95.22843726954113
  y: 66.0
  z: -258.67054770196563
  yaw: 41.76419
  pitch: 61.12321
