timestamps:
  login: 1376325066368
  logout: 1376325112667
ipAddress: 78.233.203.86
lastlocation:
  world: world
  x: 9199.658617596757
  y: 63.0
  z: 9555.617416173442
  yaw: -216.99532
  pitch: 42.273514
logoutlocation:
  world: world
  x: 9196.676124032265
  y: 63.0
  z: 9563.699999988079
  yaw: -220.80504
  pitch: 35.31809
