timestamps:
  login: 1377179377928
  logout: 1377179082382
ipAddress: 62.129.184.21
lastlocation:
  world: world
  x: -256.5
  y: -1.0
  z: -314.5
  yaw: 0.0
  pitch: 0.0
logoutlocation:
  world: world
  x: 66.9656071229649
  y: 57.0
  z: -151.69999998807907
  yaw: -246.89728
  pitch: 35.850018
money: '5384.0'
