timestamps:
  login: 1375816664043
  logout: 1375816724487
ipAddress: 78.227.125.103
lastlocation:
  world: world
  x: 9189.53526848674
  y: 64.0
  z: 9544.18168767426
  yaw: 17.053377
  pitch: -21.607176
logoutlocation:
  world: world
  x: 9196.5
  y: 63.0
  z: 9563.5
  yaw: -225.27724
  pitch: 44.315704
