timestamps:
  login: 1378139313670
  logout: 1378139349840
ipAddress: 92.151.1.219
lastlocation:
  world: world
  x: 944.5
  y: -1.6860000133514401
  z: 405.5
  yaw: -1.0499985
  pitch: -90.0
logoutlocation:
  world: world
  x: 70.52138876867521
  y: 75.0
  z: -328.79412423286607
  yaw: -5.1223693
  pitch: -7.6500263
