timestamps:
  login: 1375692407742
  logout: 1375693161703
ipAddress: 109.88.91.183
lastlocation:
  world: world
  x: 9198.972665416433
  y: 65.24918707874468
  z: 9562.999205217935
  yaw: 65.436676
  pitch: 40.724445
logoutlocation:
  world: world
  x: 9184.16919777883
  y: 63.0
  z: 9554.402000019589
  yaw: -292.08093
  pitch: 8.099918
