timestamps:
  login: 1375791960864
  logout: 1375792439120
ipAddress: 86.71.3.227
lastlocation:
  world: world
  x: 9231.668282940052
  y: 68.5
  z: 9429.880278900768
  yaw: 115.24423
  pitch: 34.670326
logoutlocation:
  world: world
  x: 9195.5
  y: 63.0
  z: 9563.5
  yaw: -159.18044
  pitch: -14.599201
