timestamps:
  login: 1376753738558
  logout: 1376753748350
ipAddress: 89.88.9.4
lastlocation:
  world: world
  x: 9385.5
  y: -1.0
  z: 9527.5
  yaw: 0.0
  pitch: 0.0
logoutlocation:
  world: world
  x: 9195.5
  y: 63.0
  z: 9563.5
  yaw: -188.29407
  pitch: -6.3338194
