timestamps:
  login: 1377787991028
  logout: 1377788013880
ipAddress: 86.214.197.192
lastlocation:
  world: world
  x: -522.5
  y: -1.6860000133514401
  z: -193.7305914701607
  yaw: 0.0
  pitch: 0.0
logoutlocation:
  world: world
  x: 44.07653300415551
  y: 57.0
  z: -141.10486517063455
  yaw: 18.890076
  pitch: 11.849976
