timestamps:
  login: 1377677371746
  logout: 1377677535243
  jail: 0
ipAddress: 89.95.19.28
lastlocation:
  world: world
  x: 53.76798066803706
  y: 64.24918707874468
  z: -119.30000001192093
  yaw: 152.39673
  pitch: 10.666856
logoutlocation:
  world: world
  x: 21.251666447436588
  y: 34.166109260938214
  z: -149.30000001192093
  yaw: 57.15095
  pitch: 28.349918
jailed: false
