lastlocation:
  world: world
  x: 9192.536093440143
  y: 63.0
  z: 9543.878119233012
  yaw: 146.54996
  pitch: 40.05002
timestamps:
  login: 1375646022120
  logout: 1375646054928
ipAddress: 86.97.216.121
logoutlocation:
  world: world
  x: 9192.5
  y: 63.0
  z: 9543.5
  yaw: 0.0
  pitch: 0.0
