timestamps:
  login: 1377308192381
  logout: 1377310608999
ipAddress: 177.39.189.243
lastlocation:
  world: world
  x: -311.5
  y: -1.0
  z: -217.5
  yaw: 0.0
  pitch: 0.0
logoutlocation:
  world: world
  x: 46.56616673732439
  y: 63.0
  z: -128.23242708127492
  yaw: 109.63939
  pitch: 34.949993
money: '1694.0'
