timestamps:
  login: 1378126640568
  logout: 1378126751145
  jail: 0
  lastteleport: 1377932274655
ipAddress: 5.48.97.144
lastlocation:
  world: world
  x: 47.583224086137896
  y: 63.0
  z: -131.53431157720016
  yaw: 93.62408
  pitch: 55.419983
logoutlocation:
  world: world
  x: 64.55470961434365
  y: 76.0
  z: -315.0782525458453
  yaw: 88.63513
  pitch: -20.099962
afk: false
jailed: false
money: '474.0'
