timestamps:
  login: 1375708662597
  logout: 1375708691532
ipAddress: 89.201.217.75
lastlocation:
  world: world
  x: 10182.5
  y: -1.6860000133514401
  z: 9589.5
  yaw: 0.0
  pitch: 0.0
logoutlocation:
  world: world
  x: 9196.443308448803
  y: 63.0
  z: 9563.699999988079
  yaw: -171.6994
  pitch: 13.586349
