timestamps:
  login: 1375807200853
  logout: 1375807238702
ipAddress: 188.52.107.227
lastlocation:
  world: world
  x: 9196.5
  y: 63.0
  z: 9563.5
  yaw: 149.98407
  pitch: 4.9353595
logoutlocation:
  world: world
  x: 9195.5
  y: 63.0
  z: 9563.5
  yaw: -173.96817
  pitch: 54.34346
