lastlocation:
  world: world
  x: 9197.37142449904
  y: 63.0
  z: 9544.122449280216
  yaw: -180.97325
  pitch: 2.8380992
timestamps:
  login: 1375603194222
  logout: 1375603318288
ipAddress: 109.214.243.211
logoutlocation:
  world: world
  x: 9197.5
  y: 63.0
  z: 9544.5
  yaw: 0.0
  pitch: 0.0
