timestamps:
  login: 1378288935728
  logout: 1378031021607
  lastteleport: 1378034360341
ipAddress: 90.48.81.130
lastlocation:
  world: world
  x: 72.30000001192093
  y: 4.0
  z: -246.30000001192093
  yaw: 162.64343
  pitch: 84.297005
afk: false
logoutlocation:
  world: world
  x: 109.34057814974784
  y: 65.16610926093821
  z: -293.30000001192093
  yaw: -43.459717
  pitch: 64.40979
money: '6318.0'
