timestamps:
  login: 1377619715712
  logout: 1377619785515
  jail: 0
ipAddress: 90.12.95.218
lastlocation:
  world: world
  x: 52.30000001192093
  y: 63.0
  z: -121.10340796310628
  yaw: 93.30023
  pitch: 5.566757
logoutlocation:
  world: world
  x: 42.902294385175765
  y: 63.0
  z: -126.0426200166633
  yaw: 205.19077
  pitch: 20.549988
money: '100.0'
jailed: false
