timestamps:
  login: 1375882281745
  logout: 1375882288386
ipAddress: 189.100.105.92
lastlocation:
  world: world
  x: 9195.0
  y: 63.0
  z: 9560.0
  yaw: 180.78668
  pitch: 2.774414
logoutlocation:
  world: world
  x: 9196.5
  y: 63.0
  z: 9563.5
  yaw: -199.08046
  pitch: 23.050787
