timestamps:
  login: 1376847501767
  logout: 1376847683219
ipAddress: 92.133.203.196
lastlocation:
  world: world
  x: 9195.884046770208
  y: 63.0
  z: 9563.689392924221
  yaw: 183.2264
  pitch: 48.600033
logoutlocation:
  world: world
  x: 9195.5
  y: 63.0
  z: 9563.5
  yaw: -180.48044
  pitch: 17.5008
