timestamps:
  login: 1378291043936
  logout: 1378292029675
  lastteleport: 1378291889877
ipAddress: 82.234.54.88
lastlocation:
  world: world
  x: 16.62699380056639
  y: 52.0
  z: -92.69999998807907
  yaw: -117.768074
  pitch: 32.39994
logoutlocation:
  world: world
  x: 105.16994417945861
  y: 68.0
  z: -306.3415783107028
  yaw: -355.8236
  pitch: 5.7756124
afk: false
money: '27720.0'
