lastlocation:
  world: world
  x: 9192.348496515691
  y: 63.0
  z: 9541.659198263293
  yaw: -167.0413
  pitch: 11.514654
timestamps:
  login: 1375597524663
  logout: 1375597623923
ipAddress: 80.8.176.195
logoutlocation:
  world: world
  x: 9192.5
  y: 63.0
  z: 9541.5
  yaw: 0.0
  pitch: 0.0
