timestamps:
  login: 1376589595481
  logout: 1376589630080
ipAddress: 90.12.191.9
lastlocation:
  world: world
  x: 9198.042064867712
  y: 66.0
  z: 9563.699999988079
  yaw: -221.68347
  pitch: 46.396797
logoutlocation:
  world: world
  x: 9195.985043545177
  y: 63.0
  z: 9563.687868591398
  yaw: -202.59871
  pitch: 50.678448
