timestamps:
  login: 1375885072724
  logout: 1375885081429
ipAddress: 80.184.65.11
lastlocation:
  world: world
  x: 8869.5
  y: -1.6860000133514401
  z: 10107.5
  yaw: 1.7787015
  pitch: -0.4851004
logoutlocation:
  world: world
  x: 9195.300000011921
  y: 63.0
  z: 9563.143308033164
  yaw: -178.86346
  pitch: 2.4626873
