timestamps:
  login: 1376319764354
  logout: 1376319883975
ipAddress: 88.164.28.239
lastlocation:
  world: world
  x: 9191.915615353488
  y: 63.0
  z: 9553.044204199334
  yaw: -67.423584
  pitch: 18.7404
logoutlocation:
  world: world
  x: 9196.699999988079
  y: 63.0
  z: 9563.420201079884
  yaw: -157.53041
  pitch: 64.75081
