timestamps:
  login: 1375816341934
  logout: 1375816349674
ipAddress: 5.245.118.21
lastlocation:
  world: world
  x: 9331.5
  y: -1.0
  z: 9954.5
  yaw: 0.0
  pitch: 0.0
logoutlocation:
  world: world
  x: 9195.5
  y: 63.0
  z: 9563.5
  yaw: -180.48042
  pitch: 4.1147876
