timestamps:
  login: 1377637653714
  logout: 1377637702225
ipAddress: 89.226.227.51
lastlocation:
  world: world
  x: 690.5
  y: -1.0
  z: -302.5
  yaw: 0.0
  pitch: 0.0
logoutlocation:
  world: world
  x: 86.67707126983788
  y: 53.0
  z: -131.68358679841626
  yaw: 19.489624
  pitch: 48.59958
