timestamps:
  login: 1376070039480
  logout: 1376070075606
ipAddress: 187.78.49.61
lastlocation:
  world: world
  x: 9192.1095266921
  y: 63.0
  z: 9554.487378507169
  yaw: -217.57306
  pitch: 1.6500169
logoutlocation:
  world: world
  x: 9195.5
  y: 63.0
  z: 9563.5
  yaw: -180.63046
  pitch: 44.050793
