timestamps:
  login: 1375791122098
  logout: 1375791357471
ipAddress: 2.83.219.114
lastlocation:
  world: world
  x: 9199.047790622642
  y: 63.0
  z: 9550.03811196075
  yaw: 48.043602
  pitch: 16.688204
logoutlocation:
  world: world
  x: 9196.5
  y: 63.0
  z: 9563.5
  yaw: 195.8682
  pitch: 56.649403
