timestamps:
  login: 1375725202725
  logout: 1375725209620
ipAddress: 90.54.144.174
lastlocation:
  world: world
  x: 9196.845601766332
  y: 63.0
  z: 9556.9463240352
  yaw: 7.276367
  pitch: 6.140381
logoutlocation:
  world: world
  x: 9195.5
  y: 64.0
  z: 9563.5
  yaw: -177.03046
  pitch: 3.7007954
