timestamps:
  login: 1377706464646
  logout: 1377285327321
ipAddress: 88.169.220.241
lastlocation:
  world: world
  x: -648.5
  y: -1.6860000133514401
  z: 15.5
  yaw: 0.0
  pitch: 0.0
logoutlocation:
  world: world
  x: 27.799373334904864
  y: 55.0
  z: -129.70667332316023
  yaw: -83.11026
  pitch: 73.49961
money: '0.0'
