timestamps:
  login: 1378138677979
  logout: 1378138689388
ipAddress: 2.1.241.180
lastlocation:
  world: world
  x: -257.5
  y: -1.6860000133514401
  z: 566.5983821651814
  yaw: -8.250008
  pitch: -21.3
logoutlocation:
  world: world
  x: 74.45172776815679
  y: 76.0
  z: -315.54766005489154
  yaw: -102.47236
  pitch: 56.325596
