lastlocation:
  world: world
  x: 9194.5
  y: 63.0
  z: 9548.5
  yaw: -180.48059
  pitch: 4.462804
timestamps:
  login: 1375563974155
  logout: 1375564021308
ipAddress: 2.89.95.146
logoutlocation:
  world: world
  x: 9641.326730260713
  y: -4.040992910739333
  z: 9913.857394192726
  yaw: -183.89993
  pitch: 63.750015
