timestamps:
  login: 1377899330494
  logout: 1377899400222
ipAddress: 177.157.30.36
lastlocation:
  world: world
  x: 9193.52201636924
  y: 63.0
  z: 9554.144219754626
  yaw: -71.77371
  pitch: 26.540392
logoutlocation:
  world: world
  x: 9195.313280158933
  y: 63.0
  z: 9563.699999988079
  yaw: -162.0304
  pitch: 45.5508
