timestamps:
  login: 1378145907781
  logout: 1378145944603
ipAddress: 178.193.220.180
lastlocation:
  world: world
  x: 9198.188816775013
  y: 63.0
  z: 9558.274455334224
  yaw: 133.90376
  pitch: 35.006935
logoutlocation:
  world: world
  x: 9195.5
  y: 63.0
  z: 9563.5
  yaw: 194.78966
  pitch: 62.533264
