timestamps:
  login: 1376333240677
  logout: 1376333306345
ipAddress: 87.109.94.168
lastlocation:
  world: world
  x: 9195.97214012601
  y: 63.0
  z: 9555.690211993942
  yaw: -6.8063397
  pitch: 2.0279903
logoutlocation:
  world: world
  x: 9195.66401426883
  y: 64.0
  z: 9564.087726756197
  yaw: -182.2715
  pitch: 24.664774
