timestamps:
  login: 1376836558064
  logout: 1376836585055
ipAddress: 188.50.108.251
lastlocation:
  world: world
  x: 9194.0
  y: 63.0
  z: 9554.0
  yaw: -182.32364
  pitch: 11.990382
logoutlocation:
  world: world
  x: 9195.5
  y: 63.0
  z: 9563.5
  yaw: -11.430371
  pitch: 26.050798
