lastlocation:
  world: world
  x: 9194.290159219006
  y: 63.0
  z: 9546.610928804981
  yaw: -166.08057
  pitch: 17.249998
timestamps:
  login: 1375567705561
  logout: 1375567741747
ipAddress: 94.99.114.140
logoutlocation:
  world: world
  x: 9194.5
  y: 63.0
  z: 9546.5
  yaw: 0.0
  pitch: 0.0
