timestamps:
  login: 1377029384702
  logout: 1377029535668
ipAddress: 86.193.180.68
lastlocation:
  world: world
  x: 9197.0998070477
  y: 63.0
  z: 9556.452465764423
  yaw: -354.52374
  pitch: 3.7403884
logoutlocation:
  world: world
  x: 9196.5
  y: 63.0
  z: 9563.5
  yaw: 150.86952
  pitch: 10.450789
