lastlocation:
  world: world
  x: 9197.5
  y: 63.0
  z: 9543.5
  yaw: -158.05023
  pitch: 9.634383
timestamps:
  login: 1377104115438
  logout: 1377104121288
ipAddress: 82.127.205.233
logoutlocation:
  world: world
  x: 9195.5
  y: 63.0
  z: 9563.5
  yaw: -184.1507
  pitch: 7.407603
