lastlocation:
  world: world
  x: 9197.098984194708
  y: 63.0
  z: 9543.333902536202
  yaw: 187.95117
  pitch: 0.59995794
timestamps:
  login: 1375644027345
  logout: 1375644180456
ipAddress: 81.240.208.246
logoutlocation:
  world: world
  x: 9197.5
  y: 63.0
  z: 9543.5
  yaw: 0.0
  pitch: 0.0
