lastlocation:
  world: world
  x: 9194.0
  y: 63.0
  z: 9554.0
  yaw: -182.32364
  pitch: 11.990382
timestamps:
  login: 1377811070943
  logout: 1377812900546
ipAddress: 109.215.156.15
logoutlocation:
  world: world
  x: 9195.387674032701
  y: 63.0
  z: 9563.483387639633
  yaw: -136.2246
  pitch: 44.968807
