timestamps:
  login: 1377961985339
  logout: 1377962099988
ipAddress: 78.125.186.212
lastlocation:
  world: world
  x: 9492.503047362034
  y: 69.0
  z: 9666.5433189427
  yaw: -327.8241
  pitch: 11.720425
logoutlocation:
  world: world
  x: 9195.5
  y: 63.0
  z: 9563.5
  yaw: -175.68047
  pitch: 50.400005
