lastlocation:
  world: world
  x: 9196.744211110094
  y: 63.0
  z: 9554.213340945538
  yaw: -22.649994
  pitch: 32.549976
timestamps:
  login: 1375635887201
  logout: 1375635981380
ipAddress: 177.3.197.185
logoutlocation:
  world: world
  x: 9196.5
  y: 63.0
  z: 9554.5
  yaw: 0.0
  pitch: 0.0
