timestamps:
  login: 1377107170656
  logout: 1377107284884
ipAddress: 74.58.136.12
lastlocation:
  world: world
  x: 9196.5
  y: 63.0
  z: 9563.5
  yaw: 140.07143
  pitch: 7.344386
logoutlocation:
  world: world
  x: 9196.699999988079
  y: 63.0
  z: 9563.699999988079
  yaw: -263.9014
  pitch: 19.031454
