lastlocation:
  world: world
  x: 9195.0
  y: 63.0
  z: 9562.0
  yaw: 7.926913
  pitch: 1.1612675
timestamps:
  login: 1375634867514
  logout: 1375634875557
ipAddress: 85.201.25.238
logoutlocation:
  world: world
  x: 9195.5
  y: 63.0
  z: 9562.5
  yaw: 0.0
  pitch: 0.0
