lastlocation:
  world: world
  x: 9194.5
  y: 63.0
  z: 9548.5
  yaw: -183.48059
  pitch: 3.5628037
timestamps:
  login: 1375614350388
  logout: 1375614367754
ipAddress: 95.176.111.61
logoutlocation:
  world: world
  x: 9194.5
  y: 63.0
  z: 9548.5
  yaw: 0.0
  pitch: 0.0
