timestamps:
  login: 1376089400776
  logout: 1376089532094
ipAddress: 77.30.104.55
lastlocation:
  world: world
  x: 9196.699999988079
  y: 63.0
  z: 9563.699999988079
  yaw: -216.32239
  pitch: 1.9078944
logoutlocation:
  world: world
  x: 9196.699999988079
  y: 63.0
  z: 9563.699999988079
  yaw: -232.92328
  pitch: 39.307068
