timestamps:
  login: 1377624723217
  logout: 1377624742929
ipAddress: 109.16.2.56
lastlocation:
  world: world
  x: 9191.528545026062
  y: 63.0
  z: 9557.388801491426
  yaw: -146.17358
  pitch: 13.040397
logoutlocation:
  world: world
  x: 9196.5
  y: 63.0
  z: 9563.5
  yaw: 34.769352
  pitch: 36.75001
