timestamps:
  login: 1377863203724
  logout: 1377863224491
ipAddress: 109.217.152.54
lastlocation:
  world: world
  x: 9591.5
  y: -1.0
  z: 9436.5
  yaw: 0.0
  pitch: 0.0
logoutlocation:
  world: world
  x: 9195.300000011921
  y: 63.0
  z: 9563.699868832995
  yaw: -163.68054
  pitch: 10.199992
