lastlocation:
  world: world
  x: 9196.699999988079
  y: 63.0
  z: 9563.699999988079
  yaw: -211.55556
  pitch: 7.9041805
timestamps:
  login: 1378200583239
  logout: 1378201534228
ipAddress: 109.208.245.15
logoutlocation:
  world: world
  x: 9199.738143008872
  y: 63.0
  z: 9556.35476704807
  yaw: 11.839536
  pitch: 2.9860778
