lastlocation:
  world: world
  x: 9195.049769674311
  y: 63.0
  z: 9549.380701726903
  yaw: -165.37369
  pitch: 50.540382
timestamps:
  login: 1377613313900
  logout: 1377613330155
ipAddress: 86.68.164.193
logoutlocation:
  world: world
  x: 9196.5
  y: 63.0
  z: 9563.5
  yaw: 143.99985
  pitch: 44.400017
