timestamps:
  login: 1375560110347
  logout: 1375560188259
ipAddress: 78.127.127.12
lastlocation:
  world: world
  x: 10013.5
  y: -1.6860000133514401
  z: 10245.5
  yaw: 0.0
  pitch: 0.0
logoutlocation:
  world: world
  x: 9197.14074151518
  y: 63.0
  z: 9542.42544531455
  yaw: -170.58054
  pitch: 4.312805
