timestamps:
  login: 1377354741885
  logout: 1377354767550
ipAddress: 213.190.218.73
logoutlocation:
  world: world
  x: 9196.248057541126
  y: 63.0
  z: 9563.699999988079
  yaw: 159.26953
  pitch: 48.000072
lastlocation:
  world: world
  x: 9196.5
  y: 63.0
  z: 9563.5
  yaw: -206.77364
  pitch: -0.3096085
