lastlocation:
  world: world
  x: 9197.366459636825
  y: 63.0
  z: 9543.150072188702
  yaw: 186.26958
  pitch: -2.1371903
timestamps:
  login: 1375623451248
  logout: 1375623507106
ipAddress: 78.114.241.48
logoutlocation:
  world: world
  x: 9197.5
  y: 63.0
  z: 9543.5
  yaw: 0.0
  pitch: 0.0
