lastlocation:
  world: world
  x: 9192.68374460845
  y: 63.0
  z: 9542.676220871921
  yaw: -185.10956
  pitch: 2.76842
timestamps:
  login: 1375566549364
  logout: 1375566690783
ipAddress: 187.95.19.143
logoutlocation:
  world: world
  x: 9192.5
  y: 63.0
  z: 9542.5
  yaw: 0.0
  pitch: 0.0
