timestamps:
  login: 1377690295574
  logout: 1377690786538
ipAddress: 2.10.5.31
lastlocation:
  world: world
  x: 9505.976406517024
  y: 114.53019428033106
  z: 9270.671463100254
  yaw: 99.553635
  pitch: 45.749985
logoutlocation:
  world: world
  x: 9195.5
  y: 63.0
  z: 9563.5
  yaw: -103.230515
  pitch: 48.750004
