timestamps:
  login: 1377456034148
  logout: 1377456070118
ipAddress: 179.253.21.33
lastlocation:
  world: world
  x: 9194.602889042644
  y: 63.0
  z: 9557.61229562789
  yaw: -63.52358
  pitch: -19.959616
logoutlocation:
  world: world
  x: 9195.300000011921
  y: 64.0
  z: 9564.129616186023
  yaw: -147.48051
  pitch: 52.799984
