timestamps:
  login: 1377973560810
  logout: 1377974392972
ipAddress: 84.7.55.18
lastlocation:
  world: world
  x: 9189.971853125977
  y: 63.0
  z: 9554.677552825351
  yaw: -111.25183
  pitch: 12.759558
logoutlocation:
  world: world
  x: 9196.5
  y: 63.0
  z: 9563.5
  yaw: -225.22142
  pitch: 48.589977
