timestamps:
  login: 1375745602434
  logout: 1375745607769
ipAddress: 186.223.14.13
lastlocation:
  world: world
  x: 9014.5
  y: -1.6860000133514401
  z: 9946.5
  yaw: 1.35
  pitch: -0.9
logoutlocation:
  world: world
  x: 9195.316237515375
  y: 63.0
  z: 9563.699999988079
  yaw: -163.68045
  pitch: -0.94920695
