timestamps:
  login: 1377870564382
  logout: 1377870564382
ipAddress: 82.244.88.197
lastlocation:
  world: world
  x: 9581.5
  y: -1.0
  z: 9850.5
  yaw: 0.0
  pitch: 0.0
logoutlocation:
  world: world
  x: 9195.419461246665
  y: 63.0
  z: 9563.699999988079
  yaw: -173.58049
  pitch: 5.9507966
