timestamps:
  login: 1377193653247
  logout: 1377193660573
ipAddress: 177.133.71.155
lastlocation:
  world: world
  x: 9391.5
  y: -1.6860000133514401
  z: 10076.5
  yaw: 69.450005
  pitch: 4.5000005
logoutlocation:
  world: world
  x: 9195.5
  y: 63.0
  z: 9563.5
  yaw: -199.98041
  pitch: 17.5008
