timestamps:
  login: 1377464929586
  logout: 1377464981518
ipAddress: 90.15.214.103
lastlocation:
  world: world
  x: 9197.166784911473
  y: 63.0
  z: 9555.844367123167
  yaw: -135.52353
  pitch: 47.990395
logoutlocation:
  world: world
  x: 9195.5
  y: 63.0
  z: 9563.5
  yaw: 221.21956
  pitch: 53.35081
