timestamps:
  login: 1378128054697
  logout: 1378128077340
ipAddress: 79.87.144.12
lastlocation:
  world: world
  x: 9185.342069891869
  y: 63.0
  z: 9560.456477458745
  yaw: -128.49625
  pitch: 11.605421
logoutlocation:
  world: world
  x: 9195.5
  y: 63.0
  z: 9563.5
  yaw: -166.87848
  pitch: 53.173893
