timestamps:
  login: 1378065305398
  logout: 1378065308674
ipAddress: 204.14.77.85
lastlocation:
  world: world
  x: 9508.5
  y: -1.0
  z: 10540.5
  yaw: 0.0
  pitch: 0.0
logoutlocation:
  world: world
  x: 9195.49983651789
  y: 63.0
  z: 9563.480400681496
  yaw: -180.48044
  pitch: 17.5008
