timestamps:
  login: 1376307928501
  logout: 1376308043703
ipAddress: 93.23.0.123
lastlocation:
  world: world
  x: 9198.36791796933
  y: 63.0
  z: 9556.34331097684
  yaw: 16.426365
  pitch: 16.949995
logoutlocation:
  world: world
  x: 9195.5
  y: 63.0
  z: 9563.5
  yaw: 182.36937
  pitch: 4.799998
