timestamps:
  login: 1377595953761
  logout: 1377595964990
ipAddress: 2.9.46.212
lastlocation:
  world: world
  x: 9195.395715123295
  y: 63.0
  z: 9555.867114993174
  yaw: -0.12591553
  pitch: 1.3275716
logoutlocation:
  world: world
  x: 9195.5
  y: 63.0
  z: 9563.5
  yaw: -178.88101
  pitch: 16.167944
