timestamps:
  login: 1377522888435
  logout: 1377523641372
ipAddress: 90.47.21.7
lastlocation:
  world: world
  x: 9192.775569334184
  y: 63.0
  z: 9554.89686748903
  yaw: -126.22365
  pitch: 18.590382
logoutlocation:
  world: world
  x: 9195.5
  y: 63.0
  z: 9563.5
  yaw: -132.78033
  pitch: 41.0508
