timestamps:
  login: 1377607003341
  logout: 1377607363423
ipAddress: 90.3.97.128
lastlocation:
  world: world
  x: 9515.303819002322
  y: 111.0
  z: 9274.73764698533
  yaw: 280.8993
  pitch: 72.03378
logoutlocation:
  world: world
  x: 9195.547342022992
  y: 63.0
  z: 9563.699999988079
  yaw: -185.15161
  pitch: 48.043415
