timestamps:
  login: 1377355729657
  logout: 1377355744034
ipAddress: 82.242.50.245
lastlocation:
  world: world
  x: 9197.185023848146
  y: 63.0
  z: 9555.039332043334
  yaw: -304.8736
  pitch: 41.240383
logoutlocation:
  world: world
  x: 9195.5
  y: 63.0
  z: 9563.5
  yaw: -127.17902
  pitch: 49.29378
