lastlocation:
  world: world
  x: 9192.5
  y: 67.0
  z: 9559.5
  yaw: -56.89808
  pitch: 26.987553
timestamps:
  login: 1375637142430
  logout: 1375637256017
ipAddress: 83.159.102.245
logoutlocation:
  world: world
  x: 9192.5
  y: 67.0
  z: 9559.5
  yaw: 0.0
  pitch: 0.0
