timestamps:
  login: 1377703776678
  logout: 1377703779078
ipAddress: 84.7.127.111
lastlocation:
  world: world
  x: 9710.5992847244
  y: -1.6860000133514401
  z: 9580.451043768177
  yaw: -26.249994
  pitch: 55.349995
logoutlocation:
  world: world
  x: 9195.5
  y: 63.0
  z: 9563.5
  yaw: -186.48044
  pitch: -1.099199
