timestamps:
  login: 1375887775257
  logout: 1375887845554
ipAddress: 177.177.116.103
lastlocation:
  world: world
  x: 9199.505303432885
  y: 66.0
  z: 9561.399657542275
  yaw: -178.87439
  pitch: 61.940342
logoutlocation:
  world: world
  x: 9195.5
  y: 63.0
  z: 9563.5
  yaw: -132.48038
  pitch: 26.050798
