timestamps:
  login: 1375809052616
  logout: 1375809075202
ipAddress: 95.182.190.68
lastlocation:
  world: world
  x: 9198.624503921888
  y: 63.0
  z: 9556.748330399736
  yaw: -104.77362
  pitch: 47.240383
logoutlocation:
  world: world
  x: 9196.5
  y: 63.0
  z: 9563.5
  yaw: -152.43051
  pitch: 55.600758
