timestamps:
  login: 1376910258029
  logout: 1376910264393
ipAddress: 212.198.98.22
lastlocation:
  world: world
  x: 9519.5
  y: -1.0
  z: 9453.5
  yaw: 0.0
  pitch: 0.0
logoutlocation:
  world: world
  x: 9195.5
  y: 64.24918707874468
  z: 9563.5
  yaw: -183.31705
  pitch: 18.351782
