timestamps:
  login: 1375744729185
  logout: 1375744908875
ipAddress: 2.14.41.37
lastlocation:
  world: world
  x: 9199.681001833764
  y: 63.0
  z: 9553.92116602174
  yaw: -310.2882
  pitch: 27.98922
logoutlocation:
  world: world
  x: 9195.619855629608
  y: 63.0
  z: 9563.699999988079
  yaw: -182.21405
  pitch: 48.579483
