timestamps:
  login: 1377796755379
  logout: 1377796758050
ipAddress: 109.218.121.153
lastlocation:
  world: world
  x: 9189.753469252435
  y: 63.0
  z: 9558.669988885262
  yaw: 224.0261
  pitch: -23.259623
logoutlocation:
  world: world
  x: 9195.5
  y: 63.0
  z: 9563.5
  yaw: -187.9805
  pitch: 5.5007834
