timestamps:
  login: 1377944582161
  logout: 1377944582161
ipAddress: 62.241.107.59
lastlocation:
  world: world
  x: 9197.547115009946
  y: 63.0
  z: 9557.124671295987
  yaw: -0.687528
  pitch: 5.5176663
logoutlocation:
  world: world
  x: 9195.300000011921
  y: 63.0
  z: 9563.699999988079
  yaw: -115.95366
  pitch: 36.985622
