lastlocation:
  world: world
  x: 9192.521942279493
  y: 63.0
  z: 9541.426207272803
  yaw: 170.40002
  pitch: 21.749985
timestamps:
  login: 1375623568139
  logout: 1375623610529
ipAddress: 31.36.44.9
logoutlocation:
  world: world
  x: 9192.5
  y: 63.0
  z: 9541.5
  yaw: 0.0
  pitch: 0.0
