lastlocation:
  world: world
  x: 9197.974354243304
  y: 63.0
  z: 9543.077778458513
  yaw: -189.21378
  pitch: 5.0350456
timestamps:
  login: 1375644631790
  logout: 1375644776328
ipAddress: 86.199.183.239
logoutlocation:
  world: world
  x: 9197.5
  y: 63.0
  z: 9543.5
  yaw: 0.0
  pitch: 0.0
