timestamps:
  login: 1377612784790
  logout: 1377612804968
ipAddress: 186.223.89.67
lastlocation:
  world: world
  x: 9188.853693085717
  y: 63.0
  z: 9552.914127949367
  yaw: -52.423584
  pitch: 18.14038
logoutlocation:
  world: world
  x: 9196.699999988079
  y: 63.0
  z: 9563.690661018947
  yaw: -180.78036
  pitch: 49.80001
