timestamps:
  login: 1378134005877
  logout: 1378134855458
ipAddress: 88.188.125.170
lastlocation:
  world: world
  x: 9347.0
  y: 73.0
  z: 9520.0
  yaw: 296.64868
  pitch: 2.6412268
logoutlocation:
  world: world
  x: 9195.300000011921
  y: 63.0
  z: 9563.699999988079
  yaw: 182.96948
  pitch: 61.05001
