timestamps:
  login: 1377940210107
  logout: 1377940211108
ipAddress: 90.22.198.66
lastlocation:
  world: world
  x: 9041.5
  y: -1.6860000133514401
  z: 8685.5
  yaw: 0.0
  pitch: 0.0
logoutlocation:
  world: world
  x: 9195.5
  y: 63.0
  z: 9563.5
  yaw: -193.83041
  pitch: 5.699997
