timestamps:
  login: 1377967132337
  logout: 1377967137132
ipAddress: 62.241.94.101
lastlocation:
  world: world
  x: 9511.93790705597
  y: 63.0
  z: 9644.015442235223
  yaw: 90.2266
  pitch: 3.6204183
logoutlocation:
  world: world
  x: 9195.314720284961
  y: 63.0
  z: 9563.699999988079
  yaw: -101.280426
  pitch: 39.75
