timestamps:
  login: 1375758442693
  logout: 1375758541219
ipAddress: 37.104.24.96
lastlocation:
  world: world
  x: 9201.23698047409
  y: 63.0
  z: 9559.361086334276
  yaw: -314.17322
  pitch: 15.150003
logoutlocation:
  world: world
  x: 9196.699999988079
  y: 63.0
  z: 9563.699999988079
  yaw: -219.78044
  pitch: 36.100807
