timestamps:
  login: 1376161062761
  logout: 1376161678262
ipAddress: 201.66.204.13
lastlocation:
  world: world
  x: 9194.0
  y: 63.0
  z: 9554.0
  yaw: -181.57364
  pitch: 11.990382
logoutlocation:
  world: world
  x: 9195.406150387093
  y: 63.0
  z: 9563.64558565679
  yaw: -177.4804
  pitch: 65.3508
