timestamps:
  login: 1377522747737
  logout: 1377523496077
ipAddress: 90.47.23.69
lastlocation:
  world: world
  x: 9191.448301891027
  y: 63.0
  z: 9555.147208720207
  yaw: -145.12366
  pitch: 25.790382
logoutlocation:
  world: world
  x: 9196.699999988079
  y: 63.0
  z: 9563.525841280678
  yaw: -204.78043
  pitch: 8.25
