lastlocation:
  world: world
  x: 9192.782336014541
  y: 63.0
  z: 9542.441111598377
  yaw: -181.20023
  pitch: 2.999936
timestamps:
  login: 1375600666893
  logout: 1375600703008
ipAddress: 90.62.76.84
logoutlocation:
  world: world
  x: 9192.5
  y: 63.0
  z: 9542.5
  yaw: 0.0
  pitch: 0.0
