timestamps:
  login: 1376079951304
  logout: 1376079978352
ipAddress: 92.42.223.140
lastlocation:
  world: world
  x: 8838.5
  y: -1.6860000133514401
  z: 8606.5
  yaw: 0.0
  pitch: 0.0
logoutlocation:
  world: world
  x: 9195.572387208489
  y: 63.0
  z: 9563.121048184248
  yaw: -192.14154
  pitch: 9.059409
