timestamps:
  login: 1377189845278
  logout: 1377189850670
ipAddress: 78.246.242.15
lastlocation:
  world: world
  x: 9202.910278482781
  y: 63.0
  z: 9554.77472600834
  yaw: -310.64594
  pitch: 6.6005325
logoutlocation:
  world: world
  x: 9195.812087909004
  y: 63.0
  z: 9563.601420937182
  yaw: -197.31178
  pitch: -4.9793873
