timestamps:
  login: 1377379041334
  logout: 1377379199136
ipAddress: 88.122.96.73
lastlocation:
  world: world
  x: 9196.699999988079
  y: 63.0
  z: 9563.699999988079
  yaw: 91.44781
  pitch: 76.39489
logoutlocation:
  world: world
  x: 9196.5
  y: 63.0
  z: 9563.5
  yaw: -275.72357
  pitch: -51.72874
