timestamps:
  login: 1375638783145
  logout: 1375638890986
ipAddress: 88.122.126.75
lastlocation:
  world: world
  x: 9190.59283245476
  y: 63.0
  z: 9555.962093389977
  yaw: -83.1
  pitch: 2.5499973
logoutlocation:
  world: world
  x: 9190.5
  y: 63.0
  z: 9555.5
  yaw: 0.0
  pitch: 0.0
