timestamps:
  login: 1375663575439
  logout: 1375663746157
ipAddress: 186.214.42.67
lastlocation:
  world: world
  x: 9193.37931055425
  y: 63.0
  z: 9561.041868190958
  yaw: 355.53668
  pitch: 24.074413
logoutlocation:
  world: world
  x: 9195.300000011921
  y: 63.0
  z: 9563.699999988079
  yaw: -141.63042
  pitch: 9.700801
