timestamps:
  login: 1378232771490
  logout: 1378232821899
ipAddress: 109.16.205.29
lastlocation:
  world: world
  x: 9196.5
  y: 63.0
  z: 9563.5
  yaw: 144.22629
  pitch: 4.6500134
logoutlocation:
  world: world
  x: 9196.147275805319
  y: 63.0
  z: 9563.699999988079
  yaw: -212.13055
  pitch: 47.500843
