timestamps:
  login: 1378061841739
  logout: 1378061871610
ipAddress: 189.76.35.89
lastlocation:
  world: world
  x: 9196.5
  y: 63.0
  z: 9563.5
  yaw: -213.2237
  pitch: 6.4404044
logoutlocation:
  world: world
  x: 9195.5
  y: 63.0
  z: 9563.5
  yaw: -183.9305
  pitch: 52.000828
