timestamps:
  login: 1377884530896
  logout: 1377884643318
ipAddress: 176.56.174.91
lastlocation:
  world: world
  x: 9196.125827171267
  y: 63.890447453259966
  z: 9563.450106687891
  yaw: -261.0735
  pitch: 62.85002
logoutlocation:
  world: world
  x: 9195.779692285694
  y: 63.0
  z: 9563.063505302194
  yaw: -141.78055
  pitch: 73.30081
