timestamps:
  login: 1378116516970
  logout: 1378116679611
ipAddress: 84.7.189.81
lastlocation:
  world: world
  x: 9196.204271646446
  y: 63.0
  z: 9556.00307445105
  yaw: -1.0580139
  pitch: 10.288154
logoutlocation:
  world: world
  x: 9195.823721377517
  y: 63.0
  z: 9563.699999988079
  yaw: -151.42078
  pitch: 46.83632
