timestamps:
  login: 1376300128149
  logout: 1376300148242
ipAddress: 87.66.195.121
lastlocation:
  world: world
  x: 9200.364661979518
  y: 65.0
  z: 9561.756761032631
  yaw: 74.81592
  pitch: 57.763943
logoutlocation:
  world: world
  x: 9195.5
  y: 64.0
  z: 9563.5
  yaw: -185.86555
  pitch: 43.528893
