timestamps:
  login: 1377042496287
  logout: 1377042589030
ipAddress: 179.236.138.34
lastlocation:
  world: world
  x: 9197.246290423154
  y: 63.0
  z: 9556.06028769254
  yaw: -356.77374
  pitch: 19.340391
logoutlocation:
  world: world
  x: 9196.21702015411
  y: 63.0
  z: 9563.699999988079
  yaw: -194.13051
  pitch: 4.350003
