timestamps:
  login: 1376702864060
  logout: 1376702965299
ipAddress: 177.161.164.143
lastlocation:
  world: world
  x: 9195.446900605852
  y: 63.0
  z: 9563.699999988079
  yaw: -174.82379
  pitch: 1.6500034
logoutlocation:
  world: world
  x: 9196.699999988079
  y: 63.0
  z: 9563.699999988079
  yaw: -221.88046
  pitch: 43.600796
