timestamps:
  login: 1377708779207
  logout: 1377708794767
ipAddress: 94.109.16.120
lastlocation:
  world: world
  x: 9016.5
  y: -1.0
  z: 10350.5
  yaw: 0.0
  pitch: 0.0
logoutlocation:
  world: world
  x: 9195.5
  y: 63.0
  z: 9563.5
  yaw: -172.53035
  pitch: 13.15082
