timestamps:
  login: 1378293462374
  logout: 1378293464178
ipAddress: 31.39.239.58
lastlocation:
  world: world
  x: 9196.738128552252
  y: 63.0
  z: 9557.970164022576
  yaw: -59.481995
  pitch: 10.147177
logoutlocation:
  world: world
  x: 9195.5
  y: 63.0
  z: 9563.5
  yaw: -154.67574
  pitch: 23.030378
