timestamps:
  login: 1378143147572
  logout: 1378143217984
ipAddress: 88.179.70.16
lastlocation:
  world: world
  x: 9193.7476733501
  y: 63.0
  z: 9556.107563090542
  yaw: -167.17395
  pitch: -4.059625
logoutlocation:
  world: world
  x: 9195.896299686638
  y: 63.0
  z: 9563.315212857606
  yaw: 150.41956
  pitch: 59.500835
