timestamps:
  login: 1378123178514
  logout: 1378123294627
ipAddress: 93.28.100.209
lastlocation:
  world: world
  x: 9195.300000011921
  y: 63.0
  z: 9563.550269805459
  yaw: -40.64554
  pitch: 16.627714
logoutlocation:
  world: world
  x: 9195.953243655305
  y: 63.0
  z: 9563.210108842755
  yaw: 200.96567
  pitch: 51.631004
