timestamps:
  login: 1377806754171
  logout: 1377809715413
ipAddress: 90.16.228.116
lastlocation:
  world: world
  x: 9190.943681793935
  y: 63.0
  z: 9551.730131364704
  yaw: -295.72366
  pitch: 8.390382
logoutlocation:
  world: world
  x: 9196.699999988079
  y: 63.0
  z: 9563.672884615458
  yaw: -194.28867
  pitch: 56.03827
