lastlocation:
  world: world
  x: 9194.5
  y: 63.0
  z: 9548.5
  yaw: -180.48059
  pitch: 4.462804
timestamps:
  login: 1375600015659
  logout: 1375600028703
ipAddress: 114.77.107.141
logoutlocation:
  world: world
  x: 9194.5
  y: 63.0
  z: 9548.5
  yaw: 0.0
  pitch: 0.0
