timestamps:
  login: 1376331613069
  logout: 1376331738328
ipAddress: 200.232.254.174
lastlocation:
  world: world
  x: 9193.99602673715
  y: 63.0
  z: 9553.902080588043
  yaw: -182.32364
  pitch: 11.990382
logoutlocation:
  world: world
  x: 9195.5
  y: 63.0
  z: 9563.5
  yaw: -133.08049
  pitch: 49.1508
