lastlocation:
  world: world
  x: 9195.0
  y: 63.0
  z: 9562.0
  yaw: 6.6000004
  pitch: 6.556511E-8
timestamps:
  login: 1375633955925
  logout: 1375633963819
ipAddress: 91.176.60.93
logoutlocation:
  world: world
  x: 9195.5
  y: 63.0
  z: 9562.5
  yaw: 0.0
  pitch: 0.0
