timestamps:
  login: 1376310856678
  logout: 1376310885020
ipAddress: 79.176.13.222
lastlocation:
  world: world
  x: 8569.5
  y: -1.6860000133514401
  z: 9235.5
  yaw: 0.0
  pitch: 0.0
logoutlocation:
  world: world
  x: 9195.48383473323
  y: 63.0
  z: 9563.699999988079
  yaw: -171.78047
  pitch: -4.8492074
