timestamps:
  login: 1377859763988
  logout: 1377859908468
ipAddress: 92.138.246.63
lastlocation:
  world: world
  x: 9195.719794499346
  y: 63.0
  z: 9551.749898920014
  yaw: 29.626362
  pitch: 14.540384
logoutlocation:
  world: world
  x: 9196.202752803974
  y: 63.0
  z: 9563.58103623601
  yaw: -207.18048
  pitch: 0.8999887
