timestamps:
  login: 1378042647857
  logout: 1378042650906
ipAddress: 41.104.69.49
lastlocation:
  world: world
  x: 9198.212863650802
  y: 63.0
  z: 9556.183987319204
  yaw: -9.823558
  pitch: 5.3903866
logoutlocation:
  world: world
  x: 9195.300000011921
  y: 63.0
  z: 9563.518783539754
  yaw: 185.21973
  pitch: 7.8000174
