timestamps:
  login: 1377743855578
  logout: 1377743930765
ipAddress: 187.53.187.93
lastlocation:
  world: world
  x: 9197.175774248455
  y: 63.0
  z: 9557.012764007564
  yaw: -23.808384
  pitch: 13.814374
logoutlocation:
  world: world
  x: 9195.5
  y: 63.0
  z: 9563.5
  yaw: 215.80756
  pitch: 47.606403
