timestamps:
  login: 1375789717313
  logout: 1375789768203
ipAddress: 125.163.227.81
lastlocation:
  world: world
  x: 9194.0
  y: 63.0
  z: 9554.0
  yaw: -182.32364
  pitch: 11.990382
logoutlocation:
  world: world
  x: 9195.49983651789
  y: 63.0
  z: 9563.480400681496
  yaw: -180.48044
  pitch: 17.5008
