timestamps:
  login: 1376948509480
  logout: 1376948550051
ipAddress: 177.132.127.248
lastlocation:
  world: world
  x: 9184.98107014483
  y: 63.0
  z: 9553.745811872399
  yaw: -103.87373
  pitch: 3.900055
logoutlocation:
  world: world
  x: 9195.5
  y: 63.0
  z: 9563.5
  yaw: -133.83054
  pitch: 44.999996
