timestamps:
  login: 1376068766072
  logout: 1376068809503
ipAddress: 84.235.75.81
lastlocation:
  world: world
  x: 8313.5
  y: -1.6860000133514401
  z: 10490.5
  yaw: 0.6
  pitch: -0.15
logoutlocation:
  world: world
  x: 9195.365235578134
  y: 64.0
  z: 9564.137499988079
  yaw: 5.519588
  pitch: 44.350754
