timestamps:
  login: 1377712147272
  logout: 1377712173712
ipAddress: 179.235.214.233
lastlocation:
  world: world
  x: 9198.316407861748
  y: 63.0
  z: 9556.53576457443
  yaw: -283.5313
  pitch: 13.29347
logoutlocation:
  world: world
  x: 9195.5
  y: 63.0
  z: 9563.5
  yaw: -138.02101
  pitch: 51.870155
