lastlocation:
  world: world
  x: 9195.5
  y: 63.0
  z: 9562.5
  yaw: -180.48051
  pitch: 2.0052066
timestamps:
  login: 1375641748526
  logout: 1375641777806
ipAddress: 90.0.160.187
logoutlocation:
  world: world
  x: 9195.5
  y: 63.0
  z: 9562.5
  yaw: 0.0
  pitch: 0.0
