timestamps:
  login: 1376341494405
  logout: 1376341629837
ipAddress: 78.227.56.91
lastlocation:
  world: world
  x: 9199.864997649518
  y: 63.0
  z: 9554.270405921025
  yaw: 142.92706
  pitch: 29.175762
logoutlocation:
  world: world
  x: 9196.699999988079
  y: 63.0
  z: 9563.699999988079
  yaw: -214.96866
  pitch: 51.664227
