timestamps:
  login: 1377022547683
  logout: 1377022586304
ipAddress: 188.51.113.48
lastlocation:
  world: world
  x: 9195.538956474587
  y: 63.0
  z: 9563.699999988079
  yaw: 175.27649
  pitch: 8.990395
logoutlocation:
  world: world
  x: 9195.41630796866
  y: 63.0
  z: 9563.694363144195
  yaw: -148.68045
  pitch: 39.5508
