timestamps:
  login: 1377960730111
  logout: 1377962165201
ipAddress: 92.130.62.80
lastlocation:
  world: world
  x: 9197.64216023064
  y: 63.0
  z: 9557.493725014421
  yaw: -5.9236345
  pitch: 7.9403796
logoutlocation:
  world: world
  x: 9196.389004779936
  y: 63.0
  z: 9563.032437411386
  yaw: 167.5198
  pitch: -61.79992
