lastlocation:
  world: world
  x: 9192.5487690105
  y: 63.0
  z: 9554.333699095772
  yaw: -35.13068
  pitch: 18.712805
timestamps:
  login: 1375579787680
  logout: 1375579842302
ipAddress: 24.230.221.36
logoutlocation:
  world: world
  x: 9192.5
  y: 63.0
  z: 9554.5
  yaw: 0.0
  pitch: 0.0
