timestamps:
  login: 1378053475916
  logout: 1378053544160
ipAddress: 31.33.180.163
lastlocation:
  world: world
  x: 9199.300000011921
  y: 66.0
  z: 9561.843353274124
  yaw: -270.67374
  pitch: 20.090374
logoutlocation:
  world: world
  x: 9195.300000011921
  y: 64.0
  z: 9564.137499988079
  yaw: -154.68037
  pitch: 46.750813
