timestamps:
  login: 1378134301274
  logout: 1378134870515
ipAddress: 92.161.148.71
lastlocation:
  world: world
  x: 9194.0
  y: 63.0
  z: 9554.0
  yaw: -182.32364
  pitch: 11.990382
logoutlocation:
  world: world
  x: 9196.699999988079
  y: 63.0
  z: 9563.699999988079
  yaw: 133.01964
  pitch: 41.050827
