timestamps:
  login: 1378116616189
  logout: 1378116687203
ipAddress: 109.215.123.212
lastlocation:
  world: world
  x: 9196.425229561844
  y: 63.0
  z: 9556.470155744459
  yaw: 297.10327
  pitch: 17.515413
logoutlocation:
  world: world
  x: 9195.5
  y: 63.48071087633169
  z: 9563.5
  yaw: -171.92566
  pitch: -39.88781
