timestamps:
  login: 1378134003187
  logout: 1378134827886
ipAddress: 109.18.98.90
lastlocation:
  world: world
  x: 9197.503247957058
  y: 63.0
  z: 9557.404998248854
  yaw: -3.0639343
  pitch: 0.49199396
logoutlocation:
  world: world
  x: 9196.313787886058
  y: 63.0
  z: 9563.684824769285
  yaw: 45.218708
  pitch: -45.74034
