timestamps:
  login: 1377716303829
  logout: 1377716301018
ipAddress: 95.121.234.99
lastlocation:
  world: world
  x: 9022.5
  y: -1.0
  z: 9541.5
  yaw: 0.0
  pitch: 0.0
logoutlocation:
  world: world
  x: 9195.92663584292
  y: 63.0
  z: 9563.226222255083
  yaw: -197.2728
  pitch: 9.287148
