timestamps:
  login: 1377522746837
  logout: 1377523759109
ipAddress: 70.83.28.80
lastlocation:
  world: world
  x: 9201.013756087501
  y: 63.0
  z: 9554.35358586789
  yaw: 120.23175
  pitch: 3.595106
logoutlocation:
  world: world
  x: 9195.300000011921
  y: 63.0
  z: 9563.699999988079
  yaw: -150.25743
  pitch: 25.524265
