timestamps:
  login: 1377611850758
  logout: 1377612007039
ipAddress: 109.10.76.208
lastlocation:
  world: world
  x: 9192.842106611384
  y: 63.0
  z: 9558.373779565867
  yaw: -270.9735
  pitch: 22.190401
logoutlocation:
  world: world
  x: 9195.5
  y: 63.0
  z: 9563.5
  yaw: -171.78043
  pitch: 58.150803
