lastlocation:
  world: world
  x: 9198.675374175577
  y: 63.0
  z: 9544.300000011921
  yaw: 162.68977
  pitch: 3.6075191
timestamps:
  login: 1375636596121
  logout: 1375636639140
ipAddress: 91.180.245.142
logoutlocation:
  world: world
  x: 9198.5
  y: 63.0
  z: 9544.5
  yaw: 0.0
  pitch: 0.0
