timestamps:
  login: 1376682063265
  logout: 1376682113931
ipAddress: 2.10.206.94
lastlocation:
  world: world
  x: 9196.132820156849
  y: 63.0
  z: 9553.860874224081
  yaw: -291.67355
  pitch: 5.390366
logoutlocation:
  world: world
  x: 9195.434222216267
  y: 63.0
  z: 9563.699999988079
  yaw: -175.38025
  pitch: 52.450817
