lastlocation:
  world: world
  x: 9192.124320741848
  y: 63.0
  z: 9543.925000011921
  yaw: 192.29999
  pitch: 5.2500005
timestamps:
  login: 1375635643551
  logout: 1375635658877
ipAddress: 177.41.173.117
logoutlocation:
  world: world
  x: 9192.5
  y: 63.0
  z: 9543.5
  yaw: 0.0
  pitch: 0.0
