lastlocation:
  world: world
  x: 9212.797913240149
  y: 69.0
  z: 9462.72659742002
  yaw: 66.93164
  pitch: -13.01482
timestamps:
  login: 1375825775177
  logout: 1375825840026
ipAddress: 92.140.213.27
logoutlocation:
  world: world
  x: 9214.699999988079
  y: 63.0
  z: 9559.122361303598
  yaw: 269.36133
  pitch: 7.2026806
