lastlocation:
  world: world
  x: 9197.5
  y: 63.0
  z: 9543.5
  yaw: 183.61992
  pitch: 2.8042412
timestamps:
  login: 1375634560154
  logout: 1375634588187
ipAddress: 178.195.118.113
logoutlocation:
  world: world
  x: 9197.5
  y: 63.0
  z: 9543.5
  yaw: 0.0
  pitch: 0.0
