timestamps:
  login: 1378227761299
  logout: 1378227842840
ipAddress: 77.56.108.32
lastlocation:
  world: world
  x: 9195.76033035841
  y: 63.0
  z: 9563.060411539404
  yaw: 161.18828
  pitch: 41.89343
logoutlocation:
  world: world
  x: 9196.108541767102
  y: 63.0
  z: 9563.699999988079
  yaw: -166.83713
  pitch: 49.646606
