lastlocation:
  world: world
  x: 9257.29550055337
  y: 69.0
  z: 9455.699999988079
  yaw: 190.09389
  pitch: 5.5145063
timestamps:
  login: 1375791899893
  logout: 1375792393678
ipAddress: 89.82.251.107
logoutlocation:
  world: world
  x: 9195.5
  y: 63.0
  z: 9563.5
  yaw: -186.4054
  pitch: 23.645199
