timestamps:
  login: 1377352967125
  logout: 1377352993194
ipAddress: 85.68.197.138
lastlocation:
  world: world
  x: 9195.866821591357
  y: 63.0
  z: 9555.337197183339
  yaw: -16.123646
  pitch: 14.09039
logoutlocation:
  world: world
  x: 9195.5
  y: 63.0
  z: 9563.5
  yaw: -103.680435
  pitch: 13.300793
