timestamps:
  login: 1375874272499
  logout: 1375874502715
ipAddress: 31.33.102.175
lastlocation:
  world: world
  x: 9195.618644033728
  y: 63.0
  z: 9563.583275356645
  yaw: 182.92647
  pitch: 4.3404255
logoutlocation:
  world: world
  x: 9195.398432844944
  y: 64.0
  z: 9564.107812592825
  yaw: -165.0305
  pitch: 71.50078
