timestamps:
  login: 1376993005004
  logout: 1376993010547
ipAddress: 37.141.147.150
lastlocation:
  world: world
  x: 9196.282838044926
  y: 63.0
  z: 9563.699999988079
  yaw: -195.07338
  pitch: 3.7403886
logoutlocation:
  world: world
  x: 9195.5
  y: 63.0
  z: 9563.5
  yaw: -139.53046
  pitch: 46.90079
