timestamps:
  login: 1376093276081
  logout: 1376093350483
ipAddress: 189.55.188.56
lastlocation:
  world: world
  x: 9197.54275986994
  y: 63.0
  z: 9557.727278110468
  yaw: -353.17368
  pitch: 2.5403805
logoutlocation:
  world: world
  x: 9195.9659996793
  y: 63.0
  z: 9563.648726916337
  yaw: -191.13019
  pitch: -15.450006
