timestamps:
  login: 1377884533506
  logout: 1377884628308
ipAddress: 187.79.111.141
lastlocation:
  world: world
  x: 9196.5
  y: 63.0
  z: 9563.5
  yaw: 141.67618
  pitch: 9.290391
logoutlocation:
  world: world
  x: 9196.5
  y: 63.0
  z: 9563.5
  yaw: -173.13034
  pitch: 56.09996
