timestamps:
  login: 1376435937368
  logout: 1376435971957
ipAddress: 90.40.94.193
lastlocation:
  world: world
  x: 9196.5
  y: 63.0
  z: 9563.5
  yaw: 176.92656
  pitch: 47.240387
logoutlocation:
  world: world
  x: 9196.132549197791
  y: 63.0
  z: 9563.699999988079
  yaw: 191.81964
  pitch: 50.9508
