timestamps:
  login: 1377441893504
  logout: 1377441999477
ipAddress: 109.214.116.115
lastlocation:
  world: world
  x: 9194.909225596832
  y: 63.0
  z: 9549.890088889697
  yaw: 357.52646
  pitch: 10.490277
logoutlocation:
  world: world
  x: 9196.699999988079
  y: 63.0
  z: 9563.699999988079
  yaw: -207.63004
  pitch: 2.9508324
