timestamps:
  login: 1377757112332
  logout: 1377757116636
ipAddress: 82.255.102.189
lastlocation:
  world: world
  x: 9183.465980948302
  y: 63.0
  z: 9551.980544728192
  yaw: 261.5263
  pitch: 24.440382
logoutlocation:
  world: world
  x: 9195.300000011921
  y: 63.0
  z: 9563.077448034355
  yaw: -73.52944
  pitch: 50.381084
