lastlocation:
  world: world
  x: 9194.5
  y: 63.0
  z: 9548.5
  yaw: -180.0306
  pitch: 2.812804
timestamps:
  login: 1375563757400
  logout: 1375563763407
ipAddress: 88.189.16.103
logoutlocation:
  world: world
  x: 9198.269725781178
  y: 63.0
  z: 9543.288799193058
  yaw: -195.29997
  pitch: 0.6000075
