timestamps:
  login: 1378117650266
  logout: 1378117660834
ipAddress: 81.243.169.58
lastlocation:
  world: world
  x: 10101.5
  y: -1.6860000133514401
  z: 9719.5
  yaw: 7.9872007
  pitch: 6.1439996
logoutlocation:
  world: world
  x: 9195.49983651789
  y: 63.0
  z: 9563.480400681496
  yaw: -169.4212
  pitch: 0.91199696
