timestamps:
  login: 1377112339646
  logout: 1377112588458
ipAddress: 88.180.58.66
lastlocation:
  world: world
  x: 9196.5
  y: 63.0
  z: 9563.5
  yaw: 80.27279
  pitch: -35.69848
logoutlocation:
  world: world
  x: 9196.5
  y: 63.0
  z: 9563.5
  yaw: -226.01561
  pitch: 46.310856
