timestamps:
  login: 1378154315022
  logout: 1378154324173
ipAddress: 187.7.180.9
logoutlocation:
  world: world
  x: 9195.577516671518
  y: 66.0
  z: 9561.799531378227
  yaw: -275.0998
  pitch: 45.29998
lastlocation:
  world: world
  x: 9199.300000011921
  y: 66.0
  z: 9561.48940750924
  yaw: 178.12653
  pitch: 4.9403806
