timestamps:
  login: 1377974952409
  logout: 1377975322075
ipAddress: 78.241.231.140
lastlocation:
  world: world
  x: 9192.469657461032
  y: 63.0
  z: 9548.747157435833
  yaw: -237.6736
  pitch: 14.990383
logoutlocation:
  world: world
  x: 9195.5
  y: 63.0
  z: 9563.5
  yaw: -209.90913
  pitch: 76.810135
