timestamps:
  login: 1377801890856
  logout: 1377801910390
ipAddress: 90.50.56.25
lastlocation:
  world: world
  x: 9193.652517532482
  y: 63.0
  z: 9557.239061152994
  yaw: -262.87244
  pitch: 10.82863
logoutlocation:
  world: world
  x: 9196.699999988079
  y: 63.0
  z: 9563.676427361585
  yaw: -184.10983
  pitch: 49.25542
