timestamps:
  login: 1377621699050
  logout: 1377621741343
ipAddress: 89.227.199.44
lastlocation:
  world: world
  x: 9195.502076513534
  y: 63.0
  z: 9563.445621309802
  yaw: -191.1736
  pitch: 1.9403832
logoutlocation:
  world: world
  x: 9195.300000011921
  y: 63.0
  z: 9563.699999988079
  yaw: 198.5694
  pitch: 51.899998
