timestamps:
  login: 1376300188430
  logout: 1376300244042
ipAddress: 178.211.242.93
lastlocation:
  world: world
  x: 9201.648634052443
  y: 63.0
  z: 9427.989828059564
  yaw: 212.08481
  pitch: 8.118717
logoutlocation:
  world: world
  x: 9195.5
  y: 63.0
  z: 9563.5
  yaw: 161.64882
  pitch: 25.376268
