timestamps:
  login: 1377078163980
  logout: 1377078229783
ipAddress: 78.250.63.240
lastlocation:
  world: world
  x: 9195.70721511063
  y: 63.0
  z: 9563.693455214998
  yaw: -180.97385
  pitch: 8.990381
logoutlocation:
  world: world
  x: 9195.5
  y: 63.0
  z: 9563.5
  yaw: -181.23041
  pitch: 17.2008
