timestamps:
  login: 1376086994313
  logout: 1376087027482
ipAddress: 187.106.40.105
lastlocation:
  world: world
  x: 8797.5
  y: -1.6860000133514401
  z: 10410.5
  yaw: 0.0
  pitch: 0.0
logoutlocation:
  world: world
  x: 9196.5
  y: 63.0
  z: 9563.5
  yaw: -294.75888
  pitch: 38.39042
