timestamps:
  login: 1378049333247
  logout: 1378049348676
ipAddress: 82.251.95.43
lastlocation:
  world: world
  x: 8491.5
  y: -1.6860000133514401
  z: 10402.5
  yaw: 186.64265
  pitch: 27.902615
logoutlocation:
  world: world
  x: 9195.5
  y: 63.0
  z: 9563.5
  yaw: 172.8745
  pitch: 7.6528206
