timestamps:
  login: 1378146826156
  logout: 1378146865045
ipAddress: 96.23.139.6
lastlocation:
  world: world
  x: 9194.616979537353
  y: 63.0
  z: 9554.814655841848
  yaw: -304.77646
  pitch: 33.641434
logoutlocation:
  world: world
  x: 9196.572637077004
  y: 63.0
  z: 9563.492859572521
  yaw: -186.6326
  pitch: 58.791595
