lastlocation:
  world: world
  x: 9197.547260584164
  y: 63.0
  z: 9544.206823827739
  yaw: -179.58044
  pitch: 1.8551971
timestamps:
  login: 1375631025195
  logout: 1375631103498
ipAddress: 83.201.177.56
logoutlocation:
  world: world
  x: 9197.5
  y: 63.0
  z: 9544.5
  yaw: 0.0
  pitch: 0.0
