timestamps:
  login: 1378217145805
  logout: 1378217206497
ipAddress: 88.173.105.181
lastlocation:
  world: world
  x: 9182.199770278527
  y: 63.0
  z: 9556.2233299345
  yaw: 292.01025
  pitch: 0.29997635
logoutlocation:
  world: world
  x: 9196.18755397251
  y: 63.0
  z: 9563.660961358972
  yaw: -210.93044
  pitch: 44.05076
