lastlocation:
  world: world
  x: 9195.821370095851
  y: 63.0
  z: 9553.910135507609
  yaw: -58.723663
  pitch: 10.640384
timestamps:
  login: 1377603360532
  logout: 1377603391018
ipAddress: 81.241.31.71
logoutlocation:
  world: world
  x: 9196.489830303226
  y: 63.0
  z: 9550.425622155139
  yaw: 227.24997
  pitch: -23.249994
