timestamps:
  login: 1378039382562
  logout: 1378039401029
ipAddress: 195.36.184.251
lastlocation:
  world: world
  x: 9195.305606141686
  y: 63.0
  z: 9563.399393139907
  yaw: -176.72182
  pitch: 8.514595
logoutlocation:
  world: world
  x: 9195.5
  y: 63.0
  z: 9563.5
  yaw: 232.0719
  pitch: 48.662556
