lastlocation:
  world: world
  x: 9193.142548134854
  y: 63.0
  z: 9549.601648701591
  yaw: -180.45
  pitch: 29.550005
timestamps:
  login: 1375571015480
  logout: 1375571171481
ipAddress: 201.58.128.144
logoutlocation:
  world: world
  x: 9193.5
  y: 63.0
  z: 9549.5
  yaw: 0.0
  pitch: 0.0
