timestamps:
  login: 1376506318697
  logout: 1376506320555
ipAddress: 92.143.250.224
lastlocation:
  world: world
  x: 9769.5
  y: -1.0
  z: 10199.5
  yaw: 0.0
  pitch: 0.0
logoutlocation:
  world: world
  x: 9195.5
  y: 63.0
  z: 9563.5
  yaw: -178.23038
  pitch: 0.5508007
