timestamps:
  login: 1375907001122
  logout: 1375907095142
ipAddress: 188.53.78.38
lastlocation:
  world: world
  x: 9199.200522210564
  y: 63.0
  z: 9557.043004924852
  yaw: 35.176464
  pitch: -2.4096236
logoutlocation:
  world: world
  x: 9196.074727796266
  y: 63.0
  z: 9563.699999988079
  yaw: -193.8304
  pitch: 1.0007938
