timestamps:
  login: 1375698033608
  logout: 1375698639201
ipAddress: 88.163.151.37
lastlocation:
  world: world
  x: 9244.0
  y: 69.0
  z: 9447.0
  yaw: -88.54298
  pitch: -2.7744038
logoutlocation:
  world: world
  x: 9195.300000011921
  y: 63.0
  z: 9563.699999988079
  yaw: -135.93044
  pitch: 40.349987
