lastlocation:
  world: world
  x: 9193.364880715653
  y: 64.0
  z: 9543.862500011921
  yaw: -173.62363
  pitch: 8.990384
timestamps:
  login: 1376321406176
  logout: 1376322676727
ipAddress: 88.169.110.47
logoutlocation:
  world: world
  x: 9195.44663870985
  y: 63.0
  z: 9563.437968274766
  yaw: -129.44069
  pitch: 42.52294
