timestamps:
  login: 1375658506411
  logout: 1375658548873
ipAddress: 77.31.36.24
lastlocation:
  world: world
  x: 9192.558676942352
  y: 63.0
  z: 9562.333915089803
  yaw: -32.463398
  pitch: 49.319874
logoutlocation:
  world: world
  x: 9195.37494258636
  y: 63.0
  z: 9563.699999988079
  yaw: -184.47581
  pitch: 5.614721
