timestamps:
  login: 1377766977837
  logout: 1377766989598
ipAddress: 88.174.54.46
lastlocation:
  world: world
  x: 8217.5
  y: -1.0
  z: 8912.5
  yaw: 0.0
  pitch: 0.0
logoutlocation:
  world: world
  x: 9195.727331300983
  y: 63.0
  z: 9563.29723040302
  yaw: -185.88547
  pitch: 15.365459
