timestamps:
  login: 1377757006213
  logout: 1377757009114
ipAddress: 82.255.102.189
lastlocation:
  world: world
  x: 9194.1083639235
  y: 63.0
  z: 9553.863322898746
  yaw: -183.0549
  pitch: 10.415368
logoutlocation:
  world: world
  x: 9196.699999988079
  y: 63.0
  z: 9563.603322056799
  yaw: -224.14963
  pitch: -2.9989486
