timestamps:
  login: 1378110877437
  logout: 1378111014400
ipAddress: 90.12.137.114
lastlocation:
  world: world
  x: 9199.300000011921
  y: 66.0
  z: 9561.280335215673
  yaw: -60.48938
  pitch: 0.4808982
logoutlocation:
  world: world
  x: 9195.5
  y: 63.0
  z: 9563.5
  yaw: -141.46321
  pitch: 44.087727
