lastlocation:
  world: world
  x: 9197.241252657217
  y: 63.0
  z: 9543.336024585276
  yaw: 181.80016
  pitch: 0.7499996
timestamps:
  login: 1375633659809
  logout: 1375633686682
ipAddress: 86.208.83.219
logoutlocation:
  world: world
  x: 9197.5
  y: 63.0
  z: 9543.5
  yaw: 0.0
  pitch: 0.0
