timestamps:
  login: 1376741896302
  logout: 1376742001799
ipAddress: 82.127.88.90
lastlocation:
  world: world
  x: 9209.137499988079
  y: 64.0
  z: 9549.300000011921
  yaw: 42.976524
  pitch: 25.490385
logoutlocation:
  world: world
  x: 9196.699999988079
  y: 63.0
  z: 9563.699999988079
  yaw: -222.03075
  pitch: 42.250854
