timestamps:
  login: 1377002004670
  logout: 1377002015462
ipAddress: 78.205.72.46
lastlocation:
  world: world
  x: 9374.5
  y: -1.6860000133514401
  z: 10376.5
  yaw: -4.6500006
  pitch: -1.05
logoutlocation:
  world: world
  x: 9195.5
  y: 63.0
  z: 9563.5
  yaw: -177.33025
  pitch: 7.750804
