timestamps:
  login: 1377481052109
  logout: 1377481084896
ipAddress: 189.55.188.56
lastlocation:
  world: world
  x: 9193.863563600835
  y: 63.0
  z: 9553.546611734586
  yaw: -196.8736
  pitch: 0.8903792
logoutlocation:
  world: world
  x: 9195.5
  y: 63.0
  z: 9563.5
  yaw: -170.43042
  pitch: 58.30079
