timestamps:
  login: 1378209609303
  logout: 1378209611218
ipAddress: 89.94.57.241
lastlocation:
  world: world
  x: 9197.496755506036
  y: 63.0
  z: 9555.953579183775
  yaw: 24.357586
  pitch: 16.807583
logoutlocation:
  world: world
  x: 9195.5
  y: 63.0
  z: 9563.5
  yaw: -171.53412
  pitch: 5.8018346
