lastlocation:
  world: world
  x: 9193.632283165236
  y: 63.0
  z: 9544.300000011921
  yaw: 161.69998
  pitch: 1.0499989
timestamps:
  login: 1375638130471
  logout: 1375638152621
ipAddress: 77.30.118.177
logoutlocation:
  world: world
  x: 9193.5
  y: 63.0
  z: 9544.5
  yaw: 0.0
  pitch: 0.0
