lastlocation:
  world: world
  x: 9194.5
  y: 63.0
  z: 9548.5
  yaw: -180.48059
  pitch: 4.462804
timestamps:
  login: 1375563402056
  logout: 1375563404418
ipAddress: 93.5.102.209
logoutlocation:
  world: world
  x: 9192.667004697643
  y: 63.0
  z: 9542.105739813638
  yaw: -205.23744
  pitch: 3.74619
