timestamps:
  login: 1377885406702
  logout: 1377885418535
ipAddress: 82.227.52.113
lastlocation:
  world: world
  x: 9196.646319429805
  y: 63.0
  z: 9554.804112171134
  yaw: -84.07361
  pitch: 11.990382
logoutlocation:
  world: world
  x: 9195.49034639285
  y: 63.0
  z: 9563.699999988079
  yaw: -180.9304
  pitch: 49.150806
