timestamps:
  login: 1376573285059
  logout: 1376573301576
ipAddress: 93.22.123.242
lastlocation:
  world: world
  x: 9196.624414692234
  y: 63.0
  z: 9555.76139411983
  yaw: -86.37207
  pitch: 23.978254
logoutlocation:
  world: world
  x: 9195.5
  y: 63.0
  z: 9563.5
  yaw: -139.94258
  pitch: 45.73536
