timestamps:
  login: 1376060542780
  logout: 1376060554580
ipAddress: 82.242.50.245
lastlocation:
  world: world
  x: 10005.5
  y: -1.6860000133514401
  z: 9739.5
  yaw: 0.0
  pitch: 0.0
logoutlocation:
  world: world
  x: 9195.5
  y: 64.0
  z: 9563.5
  yaw: -149.58043
  pitch: 26.6508
