timestamps:
  login: 1377128661083
  logout: 1377128718551
ipAddress: 187.104.159.201
lastlocation:
  world: world
  x: 9195.5
  y: 63.0
  z: 9563.5
  yaw: -186.67357
  pitch: 68.69041
logoutlocation:
  world: world
  x: 9196.489337040493
  y: 63.0
  z: 9563.699999988079
  yaw: -223.08038
  pitch: 43.30081
