lastlocation:
  world: world
  x: 9196.879155369814
  y: 63.0
  z: 9553.413278045171
  yaw: 233.62631
  pitch: 10.940358
timestamps:
  login: 1377776447648
  logout: 1377776524115
ipAddress: 88.162.161.38
logoutlocation:
  world: world
  x: 9195.715562714015
  y: 63.0
  z: 9563.228873758024
  yaw: -178.83044
  pitch: 58.750816
