timestamps:
  login: 1375809995951
  logout: 1375810916339
ipAddress: 189.29.187.124
lastlocation:
  world: world
  x: 9193.494515362421
  y: 63.0
  z: 9554.384366319697
  yaw: 54.220398
  pitch: -0.29761618
logoutlocation:
  world: world
  x: 9196.073760806468
  y: 63.0
  z: 9563.5737265385
  yaw: -274.59888
  pitch: 20.572784
