timestamps:
  login: 1377078158334
  logout: 1377078255082
ipAddress: 82.216.82.75
lastlocation:
  world: world
  x: 9197.60994712473
  y: 66.0
  z: 9563.300000011921
  yaw: -236.17365
  pitch: 56.700005
logoutlocation:
  world: world
  x: 9195.300000011921
  y: 63.0
  z: 9563.699999988079
  yaw: -165.03038
  pitch: 34.34998
