timestamps:
  login: 1376778782478
  logout: 1376778892582
ipAddress: 187.28.130.170
lastlocation:
  world: world
  x: 9196.785359814701
  y: 63.0
  z: 9556.742981336549
  yaw: -1.1237183
  pitch: 10.190381
logoutlocation:
  world: world
  x: 9195.5
  y: 63.0
  z: 9563.5
  yaw: -143.13042
  pitch: 14.10001
