timestamps:
  login: 1378193154146
  logout: 1378193156997
ipAddress: 62.35.145.159
lastlocation:
  world: world
  x: 9194.488570877911
  y: 63.0
  z: 9552.610256277098
  yaw: 132.82635
  pitch: 4.7903886
logoutlocation:
  world: world
  x: 9196.269909881727
  y: 63.0
  z: 9563.699999988079
  yaw: 157.7695
  pitch: 6.850814
