lastlocation:
  world: world
  x: 9195.785362885405
  y: 63.0
  z: 9563.699999988079
  yaw: 168.67627
  pitch: -0.60965484
timestamps:
  login: 1376517799179
  logout: 1376518006734
ipAddress: 189.114.164.48
logoutlocation:
  world: world
  x: 9201.929784033633
  y: 63.0
  z: 9555.939812723642
  yaw: -216.00021
  pitch: 24.60001
