timestamps:
  login: 1377106099118
  logout: 1377106121886
ipAddress: 37.106.100.39
lastlocation:
  world: world
  x: 9924.5
  y: -1.6860000133514401
  z: 10301.5
  yaw: 39.883163
  pitch: -3.8079395
logoutlocation:
  world: world
  x: 9196.28947111503
  y: 63.0
  z: 9563.527950431551
  yaw: -200.32182
  pitch: 0.86610484
