timestamps:
  login: 1376338773336
  logout: 1376338781057
ipAddress: 82.227.52.113
lastlocation:
  world: world
  x: 9199.300000011921
  y: 66.0
  z: 9560.510187286784
  yaw: 132.86371
  pitch: 18.748789
logoutlocation:
  world: world
  x: 9195.552238382
  y: 63.0
  z: 9563.699999988079
  yaw: -192.76851
  pitch: 5.827198
