timestamps:
  login: 1376589514785
  logout: 1376589602417
ipAddress: 109.221.19.202
lastlocation:
  world: world
  x: 9202.043772218902
  y: 63.0
  z: 9558.102559823225
  yaw: 2.4760132
  pitch: 8.840365
logoutlocation:
  world: world
  x: 9195.5
  y: 63.0
  z: 9563.5
  yaw: -180.48044
  pitch: 17.5008
