timestamps:
  login: 1376494393389
  logout: 1376494668885
ipAddress: 109.221.143.155
lastlocation:
  world: world
  x: 9198.997872977
  y: 66.0
  z: 9563.699999988079
  yaw: 69.97634
  pitch: 24.140343
logoutlocation:
  world: world
  x: 9195.5
  y: 63.0
  z: 9563.5
  yaw: -109.530396
  pitch: 43.00083
