timestamps:
  login: 1375765783516
  logout: 1375765799082
ipAddress: 2.91.72.58
lastlocation:
  world: world
  x: 9223.5
  y: -1.490000009536743
  z: 8610.5
  yaw: -0.41658905
  pitch: 0.41658905
logoutlocation:
  world: world
  x: 9195.5
  y: 63.0
  z: 9563.5
  yaw: -180.48044
  pitch: 17.5008
