timestamps:
  login: 1377946250259
  logout: 1377946280614
ipAddress: 90.48.163.148
lastlocation:
  world: world
  x: 9196.699999988079
  y: 63.0
  z: 9563.699999988079
  yaw: 119.91633
  pitch: 37.79404
logoutlocation:
  world: world
  x: 9195.5
  y: 63.0
  z: 9563.5
  yaw: -176.8905
  pitch: 52.95284
