timestamps:
  login: 1377723491364
  logout: 1377723493168
ipAddress: 82.250.100.98
lastlocation:
  world: world
  x: 9191.80808978021
  y: 63.0
  z: 9551.173195812922
  yaw: -312.07367
  pitch: 8.090383
logoutlocation:
  world: world
  x: 9196.266114575146
  y: 63.0
  z: 9563.32581991634
  yaw: -7.0803833
  pitch: 16.450796
