timestamps:
  login: 1375670110655
  logout: 1375670129961
ipAddress: 188.248.231.232
lastlocation:
  world: world
  x: 9198.075661553405
  y: 63.0
  z: 9550.368787510397
  yaw: 321.48682
  pitch: 8.774421
logoutlocation:
  world: world
  x: 9196.589866009315
  y: 63.00159999847412
  z: 9563.699999988079
  yaw: -156.03044
  pitch: 51.25079
