timestamps:
  login: 1376065739183
  logout: 1376065828840
ipAddress: 82.236.205.202
lastlocation:
  world: world
  x: 9196.098295751828
  y: 63.0
  z: 9563.14417050995
  yaw: 144.9764
  pitch: 8.240399
logoutlocation:
  world: world
  x: 9195.652886133696
  y: 63.0
  z: 9563.617362805207
  yaw: -146.58034
  pitch: 46.900787
