timestamps:
  login: 1378275451140
  logout: 1378275644619
ipAddress: 83.237.27.91
lastlocation:
  world: world
  x: 9197.315036372307
  y: 63.0
  z: 9556.406664501323
  yaw: 10.876282
  pitch: 10.190401
logoutlocation:
  world: world
  x: 9195.4555906015
  y: 63.0
  z: 9563.699999988079
  yaw: -183.02997
  pitch: 7.5000324
