lastlocation:
  world: world
  x: 9194.5
  y: 63.0
  z: 9548.5
  yaw: -180.48059
  pitch: 4.462804
timestamps:
  login: 1375618882279
  logout: 1375618911418
ipAddress: 46.44.125.73
logoutlocation:
  world: world
  x: 9194.5
  y: 63.0
  z: 9548.5
  yaw: 0.0
  pitch: 0.0
