timestamps:
  login: 1377347899615
  logout: 1377347913771
ipAddress: 77.195.70.111
lastlocation:
  world: world
  x: 9361.5
  y: -1.6860000133514401
  z: 10262.200315598486
  yaw: 0.0
  pitch: 0.0
logoutlocation:
  world: world
  x: 9195.5
  y: 63.0
  z: 9563.5
  yaw: -180.48044
  pitch: 21.187199
