timestamps:
  login: 1377960726439
  logout: 1377961964820
ipAddress: 82.242.28.219
lastlocation:
  world: world
  x: 9197.68328826298
  y: 63.0
  z: 9554.261077902318
  yaw: -67.12361
  pitch: 9.740385
logoutlocation:
  world: world
  x: 9195.300000011921
  y: 64.0
  z: 9564.137499988079
  yaw: -162.78046
  pitch: 85.45078
