timestamps:
  login: 1376508000404
  logout: 1376508152509
ipAddress: 90.34.81.246
lastlocation:
  world: world
  x: 9196.5
  y: 63.0
  z: 9563.5
  yaw: 272.79663
  pitch: 52.464386
logoutlocation:
  world: world
  x: 9195.300000011921
  y: 63.0
  z: 9563.387141834217
  yaw: -171.55803
  pitch: 46.310917
