timestamps:
  login: 1376579878106
  logout: 1376580039004
ipAddress: 90.60.198.232
lastlocation:
  world: world
  x: 9196.327991141427
  y: 63.0
  z: 9554.995723254275
  yaw: -109.55954
  pitch: 20.37881
logoutlocation:
  world: world
  x: 9195.5
  y: 63.0
  z: 9563.5
  yaw: -175.20387
  pitch: 60.23463
