timestamps:
  login: 1377960692550
  logout: 1377962167689
ipAddress: 82.228.118.58
lastlocation:
  world: world
  x: 9195.526587157621
  y: 63.0
  z: 9554.882295524943
  yaw: -76.27368
  pitch: 26.990377
logoutlocation:
  world: world
  x: 9195.300000011921
  y: 64.16610926093821
  z: 9563.740031705887
  yaw: -134.58028
  pitch: 44.70001
