lastlocation:
  world: world
  x: 9192.280650021667
  y: 66.0
  z: 9560.030531858565
  yaw: 353.47192
  pitch: 46.396805
timestamps:
  login: 1378201654404
  logout: 1378202622605
ipAddress: 82.253.0.6
logoutlocation:
  world: world
  x: 9196.023520085022
  y: 63.0
  z: 9563.142043988155
  yaw: 69.69583
  pitch: 36.547173
