timestamps:
  login: 1376795266308
  logout: 1376795337095
ipAddress: 189.6.19.35
lastlocation:
  world: world
  x: 9195.826523565245
  y: 63.0
  z: 9547.395392473529
  yaw: -193.27364
  pitch: 11.690418
logoutlocation:
  world: world
  x: 9196.070987664041
  y: 63.0
  z: 9563.687240114594
  yaw: 193.46951
  pitch: 47.800804
