timestamps:
  login: 1378133980501
  logout: 1378134685017
ipAddress: 2.10.52.23
lastlocation:
  world: world
  x: 9193.98754995619
  y: 63.0
  z: 9554.11693707481
  yaw: -173.17365
  pitch: 11.840383
logoutlocation:
  world: world
  x: 9195.567625227553
  y: 63.0
  z: 9563.31411385549
  yaw: 179.36978
  pitch: 5.249975
