timestamps:
  login: 1378211481079
  logout: 1378211542311
ipAddress: 81.243.184.128
lastlocation:
  world: world
  x: 9194.179272862008
  y: 63.0
  z: 9554.49751565441
  yaw: -300.37363
  pitch: 41.690384
logoutlocation:
  world: world
  x: 9195.5
  y: 63.0
  z: 9563.5
  yaw: -130.08046
  pitch: 48.2508
