timestamps:
  login: 1377696849781
  logout: 1377696870058
ipAddress: 109.13.167.41
lastlocation:
  world: world
  x: 9429.5
  y: -1.0
  z: 9275.5
  yaw: 0.0
  pitch: 0.0
logoutlocation:
  world: world
  x: 9195.5
  y: 63.0
  z: 9563.5
  yaw: -168.48865
  pitch: 8.935243
