timestamps:
  login: 1375791922455
  logout: 1375792484774
ipAddress: 93.6.248.23
lastlocation:
  world: world
  x: 9200.521602190807
  y: 63.0
  z: 9555.553453512091
  yaw: -118.72372
  pitch: 11.090387
logoutlocation:
  world: world
  x: 9195.5
  y: 63.0
  z: 9563.5
  yaw: -180.63043
  pitch: 17.5008
