lastlocation:
  world: world
  x: 9197.699999988079
  y: 66.0
  z: 9563.329070295007
  yaw: 119.02622
  pitch: 52.49037
timestamps:
  login: 1377778754895
  logout: 1377778825556
ipAddress: 88.181.152.224
logoutlocation:
  world: world
  x: 9197.5
  y: 66.0
  z: 9562.5
  yaw: 90.14931
  pitch: 66.45
