lastlocation:
  world: world
  x: 9197.524810399325
  y: 63.0
  z: 9541.559032235275
  yaw: -179.73071
  pitch: 12.112814
timestamps:
  login: 1378029646178
  logout: 1378029665118
ipAddress: 81.240.84.245
logoutlocation:
  world: world
  x: 9177.115937180097
  y: 63.0
  z: 9550.854392053272
  yaw: 13.477152
  pitch: 16.53444
