timestamps:
  login: 1377899327354
  logout: 1377899405223
ipAddress: 177.97.169.87
lastlocation:
  world: world
  x: 9190.284577835371
  y: 63.0
  z: 9558.66581938192
  yaw: 212.92633
  pitch: 21.74042
logoutlocation:
  world: world
  x: 9196.699999988079
  y: 63.0
  z: 9563.44412667936
  yaw: -196.68047
  pitch: 54.40081
