timestamps:
  login: 1378144723964
  logout: 1378144762508
ipAddress: 92.152.142.77
lastlocation:
  world: world
  x: 9196.37968901189
  y: 63.0
  z: 9556.942924157085
  yaw: -138.5235
  pitch: 43.4904
logoutlocation:
  world: world
  x: 9195.523380962724
  y: 63.7531999805212
  z: 9563.699999988079
  yaw: -182.43042
  pitch: 2.0507853
