timestamps:
  login: 1375559374663
  logout: 1375559386448
ipAddress: 187.65.168.223
lastlocation:
  world: world
  x: 9395.5
  y: -1.0
  z: 9438.5
  yaw: 0.0
  pitch: 0.0
logoutlocation:
  world: world
  x: 9194.5
  y: 63.0
  z: 9548.5
  yaw: -180.48059
  pitch: 4.462804
