lastlocation:
  world: world
  x: 9198.508163684484
  y: 63.0
  z: 9557.34714736727
  yaw: -6.7362976
  pitch: 26.81269
timestamps:
  login: 1378039140758
  logout: 1378039163125
ipAddress: 78.112.83.107
logoutlocation:
  world: world
  x: 9196.450246957154
  y: 63.0
  z: 9554.198115281411
  yaw: 2.1378484
  pitch: 25.08388
