timestamps:
  login: 1378050311760
  logout: 1378050319314
ipAddress: 85.26.107.119
lastlocation:
  world: world
  x: 9196.503931103905
  y: 63.0
  z: 9557.317426878932
  yaw: 1.3819721
  pitch: -1.5264173
logoutlocation:
  world: world
  x: 9195.433832267156
  y: 63.0
  z: 9563.699999988079
  yaw: -163.89166
  pitch: 10.127997
