timestamps:
  login: 1377979644109
  logout: 1377979662577
ipAddress: 86.193.245.146
lastlocation:
  world: world
  x: 8832.5
  y: -1.6860000133514401
  z: 10064.5
  yaw: 0.0
  pitch: 0.0
logoutlocation:
  world: world
  x: 9195.300573142187
  y: 63.0
  z: 9563.699999988079
  yaw: 196.76956
  pitch: 3.250817
