timestamps:
  login: 1376161065057
  logout: 1376161657932
ipAddress: 177.173.121.210
lastlocation:
  world: world
  x: 9194.0
  y: 63.0
  z: 9554.0
  yaw: -182.47363
  pitch: 11.990382
logoutlocation:
  world: world
  x: 9195.5
  y: 63.0
  z: 9563.5
  yaw: -180.48044
  pitch: 17.5008
