timestamps:
  login: 1377095088727
  logout: 1377095144546
ipAddress: 109.21.62.239
lastlocation:
  world: world
  x: 9201.90484702498
  y: 63.0
  z: 9560.699999988079
  yaw: -11.173057
  pitch: 16.790398
logoutlocation:
  world: world
  x: 9195.917281661556
  y: 63.0
  z: 9563.438916790641
  yaw: -202.53047
  pitch: 56.500816
