timestamps:
  login: 1376339283339
  logout: 1376339316056
ipAddress: 82.65.109.187
lastlocation:
  world: world
  x: 8527.5
  y: -1.5880000114440915
  z: 8585.5
  yaw: 0.0
  pitch: 0.0
logoutlocation:
  world: world
  x: 9195.491461260419
  y: 63.0
  z: 9563.699999988079
  yaw: -175.16988
  pitch: 47.44564
