timestamps:
  login: 1377985556551
  logout: 1377985597497
ipAddress: 84.5.100.50
lastlocation:
  world: world
  x: 9199.313539887773
  y: 63.0
  z: 9555.08882971578
  yaw: -327.93643
  pitch: 16.29118
logoutlocation:
  world: world
  x: 9195.5
  y: 63.0
  z: 9563.5
  yaw: -177.40845
  pitch: 42.691204
