timestamps:
  login: 1377881863542
  logout: 1377881865285
ipAddress: 86.221.219.230
lastlocation:
  world: world
  x: 8896.5
  y: -1.2940000057220458
  z: 10118.5
  yaw: 5.55
  pitch: 15.75
logoutlocation:
  world: world
  x: 9195.5
  y: 63.0
  z: 9563.5
  yaw: -188.88043
  pitch: 17.200802
