timestamps:
  login: 1377974236160
  logout: 1377975362092
ipAddress: 2.14.182.80
lastlocation:
  world: world
  x: 9196.989276151102
  y: 66.0
  z: 9559.699999988079
  yaw: 269.02637
  pitch: 20.99038
logoutlocation:
  world: world
  x: 9195.5
  y: 63.0
  z: 9563.5
  yaw: -179.58047
  pitch: 57.449986
