lastlocation:
  world: world
  x: 9197.5
  y: 63.0
  z: 9543.5
  yaw: -183.00159
  pitch: 2.699983
timestamps:
  login: 1375645738780
  logout: 1375645804368
ipAddress: 109.209.45.118
logoutlocation:
  world: world
  x: 9197.5
  y: 63.0
  z: 9543.5
  yaw: 0.0
  pitch: 0.0
