timestamps:
  login: 1376130027060
  logout: 1376130037187
ipAddress: 92.134.131.159
lastlocation:
  world: world
  x: 10001.5
  y: -1.0
  z: 9936.5
  yaw: 0.0
  pitch: 0.0
logoutlocation:
  world: world
  x: 9195.300000011921
  y: 63.0
  z: 9563.033748259902
  yaw: -168.34879
  pitch: 11.949004
