timestamps:
  login: 1375791968616
  logout: 1375792318026
ipAddress: 93.23.0.123
lastlocation:
  world: world
  x: 9191.028397883754
  y: 62.961999940872104
  z: 9441.807205920108
  yaw: 164.81665
  pitch: 11.55
logoutlocation:
  world: world
  x: 9195.5
  y: 63.0
  z: 9563.5
  yaw: -180.48044
  pitch: 17.5008
