timestamps:
  login: 1377365099772
  logout: 1377365144571
ipAddress: 78.227.125.103
lastlocation:
  world: world
  x: 9195.174024131446
  y: 63.0
  z: 9555.505659983308
  yaw: -32.790928
  pitch: 8.204742
logoutlocation:
  world: world
  x: 9195.309598424938
  y: 63.0
  z: 9563.699999988079
  yaw: -154.40527
  pitch: 10.718155
