timestamps:
  login: 1377179372151
  logout: 1377179374434
ipAddress: 62.129.184.21
lastlocation:
  world: world
  x: 9450.5
  y: -1.0
  z: 9141.5
  yaw: 0.0
  pitch: 0.0
logoutlocation:
  world: world
  x: 9196.699999988079
  y: 63.0
  z: 9563.699999988079
  yaw: 144.11958
  pitch: 4.00079
