lastlocation:
  world: world
  x: 9197.706564629221
  y: 63.0
  z: 9543.060240394998
  yaw: -180.48047
  pitch: -0.7871938
timestamps:
  login: 1375573674130
  logout: 1375574028245
ipAddress: 90.19.86.214
logoutlocation:
  world: world
  x: 9197.5
  y: 63.0
  z: 9543.5
  yaw: 0.0
  pitch: 0.0
