timestamps:
  login: 1377044906329
  logout: 1377044952772
ipAddress: 200.96.252.89
lastlocation:
  world: world
  x: 8219.5
  y: -1.0
  z: 9173.5
  yaw: 0.0
  pitch: 0.0
logoutlocation:
  world: world
  x: 9195.5
  y: 63.0
  z: 9563.5
  yaw: -183.03056
  pitch: 29.699991
