timestamps:
  login: 1376750460401
  logout: 1376750522396
ipAddress: 187.127.0.60
lastlocation:
  world: world
  x: 9196.306351058132
  y: 63.0
  z: 9557.87982606338
  yaw: -72.52371
  pitch: 18.740385
logoutlocation:
  world: world
  x: 9195.499374357169
  y: 63.0
  z: 9563.480409989133
  yaw: -169.38051
  pitch: 55.750748
