timestamps:
  login: 1378117537872
  logout: 1378117637209
ipAddress: 109.10.142.118
lastlocation:
  world: world
  x: 9194.0
  y: 63.0
  z: 9554.0
  yaw: -182.32364
  pitch: 11.990382
logoutlocation:
  world: world
  x: 9195.709104231843
  y: 63.0
  z: 9563.699999988079
  yaw: -182.28038
  pitch: 7.3007803
