timestamps:
  login: 1378194256866
  logout: 1378194259727
ipAddress: 82.228.228.4
lastlocation:
  world: world
  x: 9196.261012998655
  y: 63.0
  z: 9563.540521128927
  yaw: 154.61658
  pitch: 4.0666065
logoutlocation:
  world: world
  x: 9195.554264825027
  y: 63.0
  z: 9563.699999988079
  yaw: -176.74425
  pitch: -1.5200148
