timestamps:
  login: 1377531714407
  logout: 1377533530446
ipAddress: 89.95.19.28
lastlocation:
  world: world
  x: 9241.741428321278
  y: 64.0
  z: 9418.574576172192
  yaw: 217.45718
  pitch: 10.275504
logoutlocation:
  world: world
  x: 9196.10353464707
  y: 63.0
  z: 9563.699999988079
  yaw: 153.26941
  pitch: 47.0508
