lastlocation:
  world: world
  x: 9197.54315634685
  y: 63.0
  z: 9541.946728712357
  yaw: -182.29305
  pitch: -7.5377836
timestamps:
  login: 1375574666593
  logout: 1375574773540
ipAddress: 179.176.87.109
logoutlocation:
  world: world
  x: 9197.5
  y: 63.0
  z: 9541.5
  yaw: 0.0
  pitch: 0.0
