timestamps:
  login: 1377801892957
  logout: 1377801902888
ipAddress: 89.227.98.61
lastlocation:
  world: world
  x: 9198.52854301045
  y: 63.0
  z: 9556.80267956945
  yaw: -299.52808
  pitch: 19.39271
logoutlocation:
  world: world
  x: 9195.5
  y: 63.0
  z: 9563.5
  yaw: -180.48044
  pitch: 17.5008
