timestamps:
  login: 1377458352289
  logout: 1377458364058
ipAddress: 89.90.77.217
lastlocation:
  world: world
  x: 8415.70458385006
  y: -1.6860000133514401
  z: 9108.299824452519
  yaw: -159.01929
  pitch: 13.689844
logoutlocation:
  world: world
  x: 9195.5
  y: 63.0
  z: 9563.5
  yaw: -176.47365
  pitch: 6.7325635
