timestamps:
  login: 1376901684249
  logout: 1376901695446
ipAddress: 81.53.135.120
lastlocation:
  world: world
  x: 8721.5
  y: -1.0
  z: 9785.5
  yaw: 0.0
  pitch: 0.0
logoutlocation:
  world: world
  x: 9195.5
  y: 63.0
  z: 9563.5
  yaw: -178.53044
  pitch: 7.450798
