timestamps:
  login: 1377128656703
  logout: 1377128710979
ipAddress: 201.75.238.52
lastlocation:
  world: world
  x: 9195.5
  y: 63.0
  z: 9563.5
  yaw: 174.04904
  pitch: -3.207926
logoutlocation:
  world: world
  x: 9195.584043472425
  y: 63.0
  z: 9563.699999988079
  yaw: -177.7448
  pitch: 5.6461015
