timestamps:
  login: 1377090230391
  logout: 1377090342167
ipAddress: 87.89.8.199
lastlocation:
  world: world
  x: 9198.272198429382
  y: 63.0
  z: 9556.707653996174
  yaw: -342.67334
  pitch: 24.290377
logoutlocation:
  world: world
  x: 9196.5
  y: 63.0
  z: 9563.5
  yaw: -179.28067
  pitch: 58.94999
