timestamps:
  login: 1377377844239
  logout: 1377377882309
ipAddress: 177.39.189.243
lastlocation:
  world: world
  x: 9195.300000011921
  y: 63.0
  z: 9563.356591658036
  yaw: 193.1264
  pitch: 10.490389
logoutlocation:
  world: world
  x: 9195.5
  y: 63.0
  z: 9563.5
  yaw: -126.78045
  pitch: 44.200794
