timestamps:
  login: 1377805018589
  logout: 1377805021621
ipAddress: 187.78.48.81
lastlocation:
  world: world
  x: 9194.960028459756
  y: 63.0
  z: 9556.208818441964
  yaw: -255.52354
  pitch: 6.1403847
logoutlocation:
  world: world
  x: 9196.699999988079
  y: 63.0
  z: 9563.41390678251
  yaw: -213.9302
  pitch: -1.9499767
