timestamps:
  login: 1378129062120
  logout: 1378129080661
ipAddress: 5.48.97.144
lastlocation:
  world: world
  x: 9190.96795965976
  y: 63.0
  z: 9558.168776340914
  yaw: -105.97376
  pitch: 19.79038
logoutlocation:
  world: world
  x: 9195.5
  y: 63.0
  z: 9563.5
  yaw: -182.83775
  pitch: 54.355064
