timestamps:
  login: 1376322910641
  logout: 1376323574959
ipAddress: 189.15.207.177
lastlocation:
  world: world
  x: 9453.145522682596
  y: 85.0
  z: 9298.078189508262
  yaw: 148.9049
  pitch: 8.549998
logoutlocation:
  world: world
  x: 9195.5
  y: 63.0
  z: 9563.5
  yaw: -185.58034
  pitch: 56.5008
