timestamps:
  login: 1377531637113
  logout: 1377533081688
ipAddress: 88.184.213.71
lastlocation:
  world: world
  x: 9193.97295245435
  y: 63.0
  z: 9551.946591350901
  yaw: -195.67365
  pitch: 7.7903824
logoutlocation:
  world: world
  x: 9196.5
  y: 63.0
  z: 9563.5
  yaw: -217.08044
  pitch: -15.1992
