lastlocation:
  world: world
  x: 9193.08856356966
  y: 63.0
  z: 9543.115334887512
  yaw: 163.84486
  pitch: 2.5706463
timestamps:
  login: 1375607972164
  logout: 1375607981575
ipAddress: 87.231.146.88
logoutlocation:
  world: world
  x: 9193.5
  y: 63.0
  z: 9543.5
  yaw: 0.0
  pitch: 0.0
