timestamps:
  login: 1377450582126
  logout: 1377450592138
ipAddress: 201.81.107.237
lastlocation:
  world: world
  x: 9197.31319171535
  y: 63.0
  z: 9557.373031165771
  yaw: -353.3236
  pitch: -3.7596183
logoutlocation:
  world: world
  x: 9195.300000011921
  y: 63.0
  z: 9563.117719103651
  yaw: -159.9304
  pitch: 69.40072
