timestamps:
  login: 1376646670308
  logout: 1376646698114
ipAddress: 92.158.128.142
lastlocation:
  world: world
  x: 8364.5
  y: -1.0
  z: 9510.5
  yaw: 0.0
  pitch: 0.0
logoutlocation:
  world: world
  x: 9195.300000011921
  y: 63.0
  z: 9563.699999988079
  yaw: -184.40141
  pitch: 15.896777
