lastlocation:
  world: world
  x: 9188.497876798268
  y: 65.87363547996159
  z: 9550.537770735325
  yaw: 0.86929625
  pitch: 1.7627792
timestamps:
  login: 1375605007671
  logout: 1375605063695
ipAddress: 176.180.30.24
logoutlocation:
  world: world
  x: 9188.5
  y: 65.0
  z: 9550.5
  yaw: 0.0
  pitch: 0.0
