timestamps:
  login: 1377974265461
  logout: 1377975211935
ipAddress: 82.234.54.88
lastlocation:
  world: world
  x: 9193.998966951622
  y: 63.0
  z: 9553.974540952593
  yaw: -182.32364
  pitch: 11.990382
logoutlocation:
  world: world
  x: 9196.699999988079
  y: 63.0
  z: 9563.699999988079
  yaw: -187.68066
  pitch: 56.550064
