lastlocation:
  world: world
  x: 9197.940284688435
  y: 63.0
  z: 9546.047094897795
  yaw: -216.31432
  pitch: -6.1465735
timestamps:
  login: 1375642638589
  logout: 1375642750314
ipAddress: 176.16.149.128
logoutlocation:
  world: world
  x: 9197.5
  y: 63.0
  z: 9546.5
  yaw: 0.0
  pitch: 0.0
