timestamps:
  login: 1378112131843
  logout: 1378112271315
ipAddress: 86.207.90.11
lastlocation:
  world: world
  x: 9196.85363183412
  y: 63.0
  z: 9555.305782633179
  yaw: -63.82364
  pitch: 76.64038
logoutlocation:
  world: world
  x: 9195.5
  y: 63.0
  z: 9563.5
  yaw: -168.48045
  pitch: 47.800804
