timestamps:
  login: 1377860480107
  logout: 1377860654997
ipAddress: 92.140.209.40
lastlocation:
  world: world
  x: 9195.934492472363
  y: 63.0
  z: 9552.973161518914
  yaw: -311.32355
  pitch: -12.609619
logoutlocation:
  world: world
  x: 9195.921662986213
  y: 63.0
  z: 9563.699999988079
  yaw: -197.28047
  pitch: 4.050009
