timestamps:
  login: 1375660696039
  logout: 1375660770799
ipAddress: 62.150.65.227
lastlocation:
  world: world
  x: 9189.83802261522
  y: 63.0
  z: 9554.954859429667
  yaw: -15.120126
  pitch: 54.19417
logoutlocation:
  world: world
  x: 9195.5
  y: 63.0
  z: 9563.5
  yaw: -176.22163
  pitch: 61.193386
