lastlocation:
  world: world
  x: 9192.429816484038
  y: 63.0
  z: 9543.241223799205
  yaw: 177.60005
  pitch: 3.5999904
timestamps:
  login: 1375599620589
  logout: 1375599714612
ipAddress: 82.121.66.249
logoutlocation:
  world: world
  x: 9192.5
  y: 63.0
  z: 9543.5
  yaw: 0.0
  pitch: 0.0
