lastlocation:
  world: world
  x: 9192.5
  y: 63.0
  z: 9543.5
  yaw: -181.57918
  pitch: 5.101585
timestamps:
  login: 1375636713263
  logout: 1375636757603
ipAddress: 78.122.33.201
logoutlocation:
  world: world
  x: 9192.5
  y: 63.0
  z: 9543.5
  yaw: 0.0
  pitch: 0.0
