timestamps:
  login: 1376772160226
  logout: 1376772173727
ipAddress: 201.25.54.7
lastlocation:
  world: world
  x: 8508.5
  y: -1.0
  z: 9968.5
  yaw: 0.0
  pitch: 0.0
logoutlocation:
  world: world
  x: 9195.567281984384
  y: 63.0
  z: 9563.699999988079
  yaw: -150.48044
  pitch: -12.749993
