lastlocation:
  world: world
  x: 9192.501164830668
  y: 63.0
  z: 9542.405664517046
  yaw: 181.15953
  pitch: 10.243451
timestamps:
  login: 1375613432437
  logout: 1375613443190
ipAddress: 90.60.238.14
logoutlocation:
  world: world
  x: 9192.5
  y: 63.0
  z: 9542.5
  yaw: 0.0
  pitch: 0.0
