timestamps:
  login: 1376756836613
  logout: 1376756880270
ipAddress: 179.169.102.176
lastlocation:
  world: world
  x: 9197.717709945151
  y: 63.0
  z: 9557.683479823198
  yaw: -0.82354736
  pitch: 2.990374
logoutlocation:
  world: world
  x: 9196.3254511049
  y: 63.0
  z: 9563.699999988079
  yaw: -176.28044
  pitch: 51.70079
