timestamps:
  login: 1378134104435
  logout: 1378134132279
ipAddress: 82.224.185.98
lastlocation:
  world: world
  x: 9245.5
  y: 83.0
  z: 9447.5
  yaw: 0.0
  pitch: 0.0
logoutlocation:
  world: world
  x: 9195.787984943432
  y: 63.0
  z: 9563.699999988079
  yaw: -181.36693
  pitch: -5.248934
