timestamps:
  login: 1375558842601
  logout: 1375558947615
ipAddress: 78.237.23.200
lastlocation:
  world: world
  x: 9069.5
  y: -1.6860000133514401
  z: 9793.5
  yaw: 0.0
  pitch: 0.0
logoutlocation:
  world: world
  x: 9196.920575563434
  y: 63.0
  z: 9543.727909862346
  yaw: -168.93036
  pitch: -1.2371869
