timestamps:
  login: 1375725619781
  logout: 1375725662781
ipAddress: 187.114.73.172
lastlocation:
  world: world
  x: 9590.5
  y: -1.3920000076293944
  z: 10519.5
  yaw: 0.0
  pitch: 0.0
logoutlocation:
  world: world
  x: 9195.899090949288
  y: 63.0
  z: 9563.699999988079
  yaw: -202.08034
  pitch: 0.44997874
