lastlocation:
  world: world
  x: 9197.093390768005
  y: 63.0
  z: 9544.122180787168
  yaw: 189.69864
  pitch: 1.3397353
timestamps:
  login: 1375629101764
  logout: 1375629110718
ipAddress: 78.227.133.177
logoutlocation:
  world: world
  x: 9197.5
  y: 63.0
  z: 9544.5
  yaw: 0.0
  pitch: 0.0
