timestamps:
  login: 1376430457309
  logout: 1376430509015
ipAddress: 90.32.53.250
lastlocation:
  world: world
  x: 9194.007284469179
  y: 63.0
  z: 9556.332457202137
  yaw: -7.7236023
  pitch: 4.1903834
logoutlocation:
  world: world
  x: 9195.5
  y: 63.0
  z: 9563.5
  yaw: -178.53052
  pitch: 56.549988
