timestamps:
  login: 1375970827751
  logout: 1375971055544
ipAddress: 31.32.3.142
lastlocation:
  world: world
  x: 9196.709034676334
  y: 66.0
  z: 9563.023123568679
  yaw: -233.77342
  pitch: 64.7904
logoutlocation:
  world: world
  x: 9196.5
  y: 63.0
  z: 9563.5
  yaw: -182.28046
  pitch: 62.350777
