timestamps:
  login: 1378138706088
  logout: 1378138745305
ipAddress: 2.1.241.180
lastlocation:
  world: world
  x: 9199.207122708829
  y: 63.0
  z: 9556.983671077449
  yaw: 87.9764
  pitch: 17.84038
logoutlocation:
  world: world
  x: 9195.915339872172
  y: 63.0
  z: 9563.650006068665
  yaw: -190.98018
  pitch: 8.20083
